Torque Curves with Flux-Weakening Control
Speed (rpm)
Torque (N.m)
0	5478.843608
1.56	5556.846203
3.12	5636.829851
4.68	5718.851728
6.24	5802.969117
7.8	5889.239018
9.36	5977.717659
10.92	6068.459907
12.48	6161.518541
14.04	6256.943362
15.6	6354.780128
17.16	6455.069245
18.72	6557.844189
20.28	6663.129602
21.84	6770.938973
23.4	6881.271849
24.96	6994.110449
26.52	7109.415579
28.08	7227.121674
29.64	7347.130800
31.2	7469.305388
32.76	7593.459403
34.32	7719.347634
35.88	7846.652664
37.44	7974.969020
39	8103.783856
40.56	8232.453407
42.12	8360.174244
43.68	8485.948178
45.24	8608.539379
46.8	8726.421983
48.36	8837.716118
49.92	8940.109864
51.48	9030.764258
53.04	9106.198027
54.6	9162.148413
56.16	9193.404309
57.72	9193.608244
59.28	9155.024821
60.84	9068.275673
62.4	8922.045654
63.96	8702.773189
65.52	8394.351174
67.08	7977.885797
68.64	7431.591535
70.2	6730.942858
71.76	5849.255513
73.32	4758.924436
74.88	3433.580506
76.44	1851.404566
78	0.000000
Torque_3.9Hz_46.3152V
0	3381.450271
3.12	3442.741912
6.24	3506.233535
9.36	3572.041501
12.48	3640.290120
15.6	3711.112291
18.72	3784.650198
21.84	3861.056061
24.96	3940.492948
28.08	4023.135661
31.2	4109.171678
34.32	4198.802168
37.44	4292.243079
40.56	4389.726283
43.68	4491.500786
46.8	4597.833975
49.92	4709.012896
53.04	4825.345525
56.16	4947.161974
59.28	5074.815587
62.4	5208.683793
65.52	5349.168605
68.64	5496.696535
71.76	5651.717647
74.88	5814.703337
78	5986.142258
81.12	6166.533580
84.24	6356.376406
87.36	6556.153733
90.48	6766.308575
93.6	6987.208945
96.72	7219.096878
99.84	7462.014633
102.96	7715.698140
106.08	7979.423389
109.2	8251.785033
112.32	8530.377358
115.44	8811.334742
118.56	9088.670759
121.68	9353.331454
124.8	9591.849962
127.92	9784.463029
131.04	9902.544224
134.16	9905.271976
137.28	9735.689015
140.4	9316.925695
143.52	8550.661843
146.64	7322.134087
149.76	5518.630622
152.88	3068.583401
156	0.000000
Torque_7.8Hz_84.7493V
0	2323.683404
4.68	2368.520434
9.36	2415.100486
14.04	2463.525800
18.72	2513.906635
23.4	2566.362065
28.08	2621.020853
32.76	2678.022437
37.44	2737.518031
42.12	2799.671867
46.8	2864.662581
51.48	2932.684787
56.16	3003.950842
60.84	3078.692847
65.52	3157.164908
70.2	3239.645696
74.88	3326.441359
79.56	3417.888820
84.24	3514.359527
88.92	3616.263723
93.6	3724.055290
98.28	3838.237253
102.96	3959.368022
107.64	4088.068443
112.32	4225.029722
117	4371.022272
121.68	4526.905457
126.36	4693.638137
131.04	4872.289742
135.72	5064.051327
140.4	5270.245572
145.08	5492.333932
149.76	5731.917789
154.44	5990.728264
159.12	6270.595630
163.8	6573.383001
168.48	6900.858296
173.16	7254.460190
177.84	7634.882230
182.52	8041.344625
187.2	8470.328581
191.88	8913.385873
196.56	9353.366604
201.24	9757.991608
205.92	10069.168728
210.6	10186.206039
215.28	9942.699519
219.96	9085.003861
224.64	7283.632245
229.32	4247.549059
234	0.000000
Torque_11.7Hz_123.266V
0	1748.081912
6.24	1782.626555
12.48	1818.554519
18.72	1855.949974
24.96	1894.904003
31.2	1935.515320
37.44	1977.891078
43.68	2022.147781
49.92	2068.412318
56.16	2116.823126
62.4	2167.531526
68.64	2220.703232
74.88	2276.520080
81.12	2335.182009
87.36	2396.909334
93.6	2461.945361
99.84	2530.559412
106.08	2603.050323
112.32	2679.750513
118.56	2761.030718
124.8	2847.305528
131.04	2939.039880
137.28	3036.756683
143.52	3141.045821
149.76	3252.574783
156	3372.101279
162.24	3500.488206
168.48	3638.721459
174.72	3787.931115
180.96	3949.416611
187.2	4124.676561
193.44	4315.443844
199.68	4523.726359
205.92	4751.853318
212.16	5002.525711
218.4	5278.866965
224.64	5584.464571
230.88	5923.382857
237.12	6300.105939
243.36	6719.327280
249.6	7185.415761
255.84	7701.210361
262.08	8265.426994
268.32	8867.196287
274.56	9474.697378
280.8	10011.931909
287.04	10313.481291
293.28	10047.598168
299.52	8635.015124
305.76	5348.949236
312	0.000000
Torque_15.6Hz_161.81V
0	1394.853790
7.8	1422.735317
15.6	1451.749154
23.4	1481.965385
31.2	1513.459973
39	1546.315382
46.8	1580.621285
54.6	1616.475365
62.4	1653.984222
70.2	1693.264411
78	1734.443619
85.8	1777.662018
93.6	1823.073817
101.4	1870.849050
109.2	1921.175635
117	1974.261772
124.8	2030.338723
132.6	2089.664056
140.4	2152.525454
148.2	2219.245184
156	2290.185383
163.8	2365.754318
171.6	2446.413851
179.4	2532.688357
187.2	2625.175447
195	2724.558924
202.8	2831.624483
210.6	2947.278871
218.4	3072.573350
226.2	3208.732581
234	3357.190319
241.8	3519.633719
249.6	3698.058449
257.4	3894.837333
265.2	4112.805681
273	4355.366630
280.8	4626.619167
288.6	4931.508626
296.4	5275.991371
304.2	5667.184780
312	6113.423746
319.8	6624.024861
327.6	7208.269355
335.4	7872.404754
343.2	8611.698744
351	9390.195641
358.8	10090.500164
366.6	10396.705364
374.4	9574.341695
382.2	6352.047101
390	0.000000
Torque_19.5Hz_200.368V
0	1158.131888
9.36	1181.428856
18.72	1205.679292
28.08	1230.942762
37.44	1257.283889
46.8	1284.772887
56.16	1313.486185
65.52	1343.507122
74.88	1374.926747
84.24	1407.844725
93.6	1442.370375
102.96	1478.623866
112.32	1516.737586
121.68	1556.857728
131.04	1599.146127
140.4	1643.782397
149.76	1690.966420
159.12	1740.921272
168.48	1793.896657
177.84	1850.172970
187.2	1910.066118
196.56	1973.933265
205.92	2042.179726
215.28	2115.267265
224.64	2193.724146
234	2278.157378
243.36	2369.267723
252.72	2467.868197
262.08	2574.907037
271.44	2691.496394
280.8	2818.948447
290.16	2958.821148
299.52	3112.976623
308.88	3283.656202
318.24	3473.577440
327.6	3686.060235
336.96	3925.191214
346.32	4196.037751
355.68	4504.924030
365.04	4859.778184
374.4	5270.542238
383.76	5749.579151
393.12	6311.840354
402.48	6974.062639
411.84	7750.823967
421.2	8641.025205
430.56	9585.659746
439.92	10342.129406
449.28	10152.713690
458.64	7244.356942
468	0.000000
Torque_23.4Hz_238.935V
0	989.134284
10.92	1009.108998
21.84	1029.905056
32.76	1051.574063
43.68	1074.172030
54.6	1097.759850
65.52	1122.403844
76.44	1148.176375
87.36	1175.156552
98.28	1203.431030
109.2	1233.094933
120.12	1264.252905
131.04	1297.020330
141.96	1331.524742
152.88	1367.907457
163.8	1406.325482
174.72	1446.953740
185.64	1489.987690
196.56	1535.646412
207.48	1584.176269
218.4	1635.855261
229.32	1690.998233
240.24	1749.963148
251.16	1813.158662
262.08	1881.053353
273	1954.187005
283.92	2033.184529
294.84	2118.773222
305.76	2211.804357
316.68	2313.280367
327.6	2424.389394
338.52	2546.549542
349.44	2681.466104
360.36	2831.206257
371.28	2998.297508
382.2	3185.858723
393.12	3397.776157
404.04	3638.941930
414.96	3915.579028
425.88	4235.684598
436.8	4609.628665
447.72	5050.935459
458.64	5577.205638
469.56	6210.864865
480.48	6978.458073
491.4	7903.837505
502.32	8978.626784
513.24	10050.821115
524.16	10441.385465
535.08	8019.916443
546	0.000000
Torque_27.3Hz_277.509V
0	862.710029
12.48	880.176150
24.96	898.362666
37.44	917.315004
49.92	937.082488
62.4	957.718762
74.88	979.282272
87.36	1001.836815
99.84	1025.452166
112.32	1050.204791
124.8	1076.178668
137.28	1103.466230
149.76	1132.169451
162.24	1162.401112
174.72	1194.286260
187.2	1227.963921
199.68	1263.589100
212.16	1301.335138
224.64	1341.396491
237.12	1383.992036
249.6	1429.369007
262.08	1477.807719
274.56	1529.627260
287.04	1585.192395
299.52	1644.921989
312	1709.299350
324.48	1778.885017
336.96	1854.332696
349.44	1936.409268
361.92	2026.020117
374.4	2124.241502
386.88	2232.362305
399.36	2351.938440
411.84	2484.864526
424.32	2633.469413
436.8	2800.645028
449.28	2990.022408
461.76	3206.215277
474.24	3455.161354
486.72	3744.605908
499.2	4084.791821
511.68	4489.442636
524.16	4977.130468
536.64	5573.025445
549.12	6310.493019
561.6	7229.694084
574.08	8360.612520
586.56	9636.344881
599.04	10512.269162
611.52	8678.220207
624	0.000000
Torque_31.2Hz_316.089V
0	764.694530
14.04	780.203655
28.08	796.353805
42.12	813.185504
56.16	830.742764
70.2	849.073461
84.24	868.229772
98.28	888.268667
112.32	909.252472
126.36	931.249512
140.4	954.334847
154.44	978.591126
168.48	1004.109564
182.52	1030.991082
196.56	1059.347628
210.6	1089.303721
224.64	1120.998263
238.68	1154.586671
252.72	1190.243398
266.76	1228.164931
280.8	1268.573367
294.84	1311.720712
308.88	1357.894069
322.92	1407.421940
336.96	1460.681927
351	1518.110211
365.04	1580.213305
379.08	1647.582725
393.12	1720.913470
407.16	1801.027508
421.2	1888.903882
435.24	1985.717727
449.28	2092.891375
463.32	2212.162079
477.36	2345.672916
491.4	2496.096463
505.44	2666.805525
519.48	2862.112486
533.52	3087.610318
547.56	3350.666430
561.6	3661.149027
575.64	4032.508490
589.68	4483.392418
603.72	5040.007438
617.76	5739.257696
631.8	6631.339846
645.84	7773.362388
659.88	9169.339069
673.92	10427.919612
687.96	9223.097339
702	0.000000
Torque_35.1Hz_354.674V
0	686.540164
15.6	700.482049
31.2	715.001052
46.8	730.133723
62.4	745.919763
78	762.402367
93.6	779.628622
109.2	797.649948
124.8	816.522611
140.4	836.308307
156	857.074833
171.6	878.896853
187.2	901.856799
202.8	926.045895
218.4	951.565367
234	978.527847
249.6	1007.059021
265.2	1037.299573
280.8	1069.407486
296.4	1103.560777
312	1139.960767
327.6	1178.836012
343.2	1220.447054
358.8	1265.092199
374.4	1313.114584
390	1364.910898
405.6	1420.942199
421.2	1481.747449
436.8	1547.960608
452.4	1620.332382
468	1699.758210
483.6	1787.314618
499.2	1884.307018
514.8	1992.333315
530.4	2113.369690
546	2249.888007
561.6	2405.019023
577.2	2582.783209
592.8	2788.423233
608.4	3028.892336
624	3313.586384
639.6	3655.463059
655.2	4072.781117
670.8	4591.817800
686.4	5250.998651
702	6106.307986
717.6	7233.194761
733.2	8691.115960
748.8	10238.235322
764.4	9661.546224
780	0.000000
Torque_39Hz_393.265V
0	622.797855
17.16	635.457462
34.32	648.641693
51.48	662.383818
68.64	676.719979
85.8	691.689508
102.96	707.335279
120.12	723.704125
137.28	740.847298
154.44	758.821006
171.6	777.687024
188.76	797.513403
205.92	818.375282
223.08	840.355836
240.24	863.547381
257.4	888.052658
274.56	913.986349
291.72	941.476856
308.88	970.668417
326.04	1001.723613
343.2	1034.826379
360.36	1070.185617
377.52	1108.039565
394.68	1148.661127
411.84	1192.364389
429	1239.512665
446.16	1290.528500
463.32	1345.906196
480.48	1406.227654
497.64	1472.182576
514.8	1544.594489
531.96	1624.454651
549.12	1712.966729
566.28	1811.606432
583.44	1922.202227
600.6	2047.046260
617.76	2189.049334
634.92	2351.961448
652.08	2540.691906
669.24	2761.784169
686.4	3024.136880
703.56	3340.125812
720.72	3727.392311
737.88	4211.750651
755.04	4831.930357
772.2	5646.911124
789.36	6744.053881
806.52	8224.504153
823.68	9980.852345
840.84	10002.633565
858	0.000000
Torque_42.9Hz_431.861V
0	569.835945
18.72	581.427607
37.44	593.500046
56.16	606.083782
74.88	619.211974
93.6	632.920708
112.32	647.249328
131.04	662.240813
149.76	677.942206
168.48	694.405101
187.2	711.686215
205.92	729.848032
224.64	748.959556
243.36	769.097184
262.08	790.345723
280.8	812.799577
299.52	836.564141
318.24	861.757445
336.96	888.512109
355.68	916.977657
374.4	947.323298
393.12	979.741266
411.84	1014.450870
430.56	1051.703416
449.28	1091.788253
468	1135.040231
486.72	1181.848981
505.44	1232.670557
524.16	1288.042166
542.88	1348.600979
561.6	1415.108408
580.32	1488.481772
599.04	1569.836117
617.76	1660.540150
636.48	1762.292156
655.2	1877.224636
673.92	2008.051065
692.64	2158.275673
711.36	2332.499660
730.08	2536.878697
748.8	2779.824064
767.52	3073.107374
786.24	3433.652763
804.96	3886.528340
823.68	4470.044946
842.4	5244.369563
861.12	6304.214239
879.84	7781.204287
898.56	9683.075841
917.28	10256.543170
936	0.000000
Torque_46.8Hz_470.461V
0	525.143691
20.28	535.832515
40.56	546.964964
60.84	558.569221
81.12	570.675909
101.4	583.318357
121.68	596.532908
141.96	610.359261
162.24	624.840877
182.52	640.025427
202.8	655.965317
223.08	672.718290
243.36	690.348123
263.64	708.925434
283.92	728.528626
304.2	749.244987
324.48	771.171981
344.76	794.418779
365.04	819.108067
385.32	845.378195
405.6	873.385764
425.88	903.308727
446.16	935.350149
466.44	969.742794
486.72	1006.754742
507	1046.696340
527.28	1089.928843
547.56	1136.875280
567.84	1188.034190
588.12	1243.997206
608.4	1305.471757
628.68	1373.310726
648.96	1448.551672
669.24	1532.469380
689.52	1626.647329
709.8	1733.076431
730.08	1854.293913
750.36	1993.582511
770.64	2155.262504
790.92	2345.130338
811.2	2571.135537
831.48	2844.457132
851.76	3181.272441
872.04	3605.765376
892.32	4155.409948
912.6	4890.402430
932.88	5909.620399
953.16	7366.423430
973.44	9364.143565
993.72	10433.817636
1014	0.000000
Torque_50.7Hz_509.066V
0	486.931222
21.84	496.846998
43.68	507.174531
65.52	517.939997
87.36	529.171838
109.2	540.901012
131.04	553.161277
152.88	565.989517
174.72	579.426105
196.56	593.515336
218.4	608.305906
240.24	623.851473
262.08	640.211311
283.92	657.451058
305.76	675.643594
327.6	694.870068
349.44	715.221103
371.28	736.798219
393.12	759.715520
414.96	784.101702
436.8	810.102460
458.64	837.883386
480.48	867.633482
502.32	899.569437
524.16	933.940880
546	971.036879
567.84	1011.194024
589.68	1054.806590
611.52	1102.339413
633.36	1154.344366
655.2	1211.481656
677.04	1274.547680
698.88	1344.511899
720.72	1422.566317
742.56	1510.192865
764.4	1609.256685
786.24	1722.137622
808.08	1851.919332
829.92	2002.667441
851.76	2179.849080
873.6	2390.983790
895.44	2646.685918
917.28	2962.394130
939.12	3361.354273
960.96	3879.972973
982.8	4577.744133
1004.64	5555.505929
1026.48	6981.685932
1048.32	9037.276217
1070.16	10544.799050
1092	0.000000
Torque_54.6Hz_547.675V
0	453.888898
23.4	463.135451
46.8	472.766134
70.2	482.805379
93.6	493.279736
117	504.218101
140.4	515.651990
163.8	527.615834
187.2	540.147330
210.6	553.287833
234	567.082812
257.4	581.582376
280.8	596.841879
304.2	612.922624
327.6	629.892685
351	647.827865
374.4	666.812828
397.8	686.942426
421.2	708.323282
444.6	731.075671
468	755.335772
491.4	781.258388
514.8	809.020230
538.2	838.823938
561.6	870.903004
585	905.527864
608.4	943.013494
631.8	983.728954
655.2	1028.109485
678.6	1076.672000
702	1130.035131
725.4	1188.945459
748.8	1254.312268
772.2	1327.254241
795.6	1409.163126
819	1501.792000
842.4	1607.379913
865.8	1728.831530
889.2	1869.982057
912.6	2035.998135
936	2234.002451
959.4	2474.079557
982.8	2770.957303
1006.2	3146.938040
1029.6	3637.246210
1053	4300.221118
1076.4	5237.146326
1099.8	6626.501961
1123.2	8711.337644
1146.6	10599.250257
1170	0.000000
Torque_58.5Hz_586.289V
0	425.036794
24.96	433.698444
49.92	442.720051
74.88	452.124518
99.84	461.936736
124.8	472.183796
149.76	482.895247
174.72	494.103371
199.68	505.843516
224.64	518.154459
249.6	531.078842
274.56	544.663657
299.52	558.960818
324.48	574.027826
349.44	589.928531
374.4	606.734046
399.36	624.523797
424.32	643.386778
449.28	663.423038
474.24	684.745445
499.2	707.481809
524.16	731.777435
549.12	757.798219
574.08	785.734422
599.04	815.805310
624	848.264890
648.96	883.409063
673.92	921.584615
698.88	963.200621
723.84	1008.743059
748.8	1058.793724
773.76	1114.054998
798.72	1175.382698
823.68	1243.830236
848.64	1320.708906
873.6	1407.671553
898.56	1506.830900
923.52	1620.930383
948.48	1753.596623
973.44	1909.722492
998.4	2096.065959
1023.36	2322.218700
1048.32	2602.235039
1073.28	2957.495772
1098.24	3421.999648
1123.2	4052.662618
1148.16	4950.181164
1173.12	6299.343532
1198.08	8392.100161
1223.04	10606.125741
1248	0.000000
Torque_62.4Hz_624.908V
0	399.627323
26.52	407.773464
53.04	416.258236
79.56	425.103194
106.08	434.331760
132.6	443.969434
159.12	454.044024
185.64	464.585917
212.16	475.628380
238.68	487.207918
265.2	499.364669
291.72	512.142869
318.24	525.591394
344.76	539.764376
371.28	554.721937
397.8	570.531032
424.32	587.266456
450.84	605.012017
477.36	623.861940
503.88	643.922536
530.4	665.314197
556.92	688.173813
583.44	712.657685
609.96	738.945097
636.48	767.242691
663	797.789885
689.52	830.865631
716.04	866.796914
742.56	905.969531
769.08	948.841915
795.6	995.963030
822.12	1047.995823
848.64	1105.748345
875.16	1170.215616
901.68	1242.636824
928.2	1324.574797
954.72	1418.028519
981.24	1525.595808
1007.76	1650.714155
1034.28	1798.026931
1060.8	1973.957456
1087.32	2187.640893
1113.84	2452.499043
1140.36	2789.027894
1166.88	3230.000582
1193.4	3830.761569
1219.92	4690.725486
1246.44	5998.207524
1272.96	8083.174956
1299.48	10573.457764
1326	0.000000
Torque_66.3Hz_663.531V
0	377.080374
28.08	384.768787
56.16	392.776881
84.24	401.125009
112.32	409.835293
140.4	418.931810
168.48	428.440824
196.56	438.391032
224.64	448.813855
252.72	459.743770
280.8	471.218687
308.88	483.280392
336.96	495.975053
365.04	509.353805
393.12	523.473445
421.2	538.397229
449.28	554.195821
477.36	570.948410
505.44	588.744031
533.52	607.683146
561.6	627.879535
589.68	649.462576
617.76	672.580013
645.84	697.401329
673.92	724.121891
702	752.968084
730.08	784.203713
758.16	818.138051
786.24	855.136067
814.32	895.631526
842.4	940.143971
870.48	989.300978
898.56	1043.867709
926.64	1104.786688
954.72	1173.232191
982.8	1250.685869
1010.88	1339.043922
1038.96	1440.772245
1067.04	1559.136436
1095.12	1698.552175
1123.2	1865.135734
1151.28	2067.600279
1179.36	2318.776587
1207.44	2638.319905
1235.52	3057.804002
1263.6	3630.932966
1291.68	4455.381337
1319.76	5720.934487
1347.84	7786.681157
1375.92	10508.325599
1404	0.000000
Torque_70.2Hz_702.158V
0	356.938989
29.64	364.218288
59.28	371.800319
88.92	379.704362
118.56	387.951369
148.2	396.564150
177.84	405.567583
207.48	414.988852
237.12	424.857724
266.76	435.206861
296.4	446.072180
326.04	457.493269
355.68	469.513870
385.32	482.182434
414.96	495.552778
444.6	509.684842
474.24	524.645591
503.88	540.510068
533.52	557.362656
563.16	575.298571
592.8	594.425660
622.44	614.866564
652.08	636.761344
681.72	660.270682
711.36	685.579822
741	712.903439
770.64	742.491720
800.28	774.638017
829.92	809.688558
859.56	848.054905
889.2	890.230097
918.84	936.809828
948.48	988.520563
978.12	1046.257420
1007.76	1111.135980
1037.4	1184.564390
1067.04	1268.345628
1096.68	1364.825680
1126.32	1477.113499
1155.96	1609.416575
1185.6	1767.569188
1215.24	1959.894609
1244.88	2198.672845
1274.52	2502.765312
1304.16	2902.587821
1333.8	3450.187039
1363.44	4241.205110
1393.08	5465.383850
1422.72	7503.720123
1452.36	10416.880719
1482	0.000000
Torque_74.1Hz_740.79V
0	338.835379
31.2	345.746786
62.4	352.945676
93.6	360.450361
124.8	368.280741
156	376.458484
187.2	385.007220
218.4	393.952773
249.6	403.323418
280.8	413.150182
312	423.467186
343.2	434.312040
374.4	445.726298
405.6	457.755994
436.8	470.452258
468	483.872044
499.2	498.078977
530.4	513.144368
561.6	529.148401
592.8	546.181563
624	564.346347
655.2	583.759318
686.4	604.553601
717.6	626.881936
748.8	650.920425
780	676.873166
811.2	704.978044
842.4	735.514020
873.6	768.810374
904.8	805.258581
936	845.327693
967.2	889.584524
998.4	938.720466
1029.6	993.587628
1060.8	1055.248295
1092	1125.043788
1123.2	1204.692206
1154.4	1296.430172
1185.6	1403.223459
1216.8	1529.088728
1248	1679.600835
1279.2	1862.722595
1310.4	2090.221247
1341.6	2380.211329
1372.8	2762.000046
1404	3285.992694
1435.2	4045.622414
1466.4	5229.478831
1497.6	7234.644285
1528.8	10304.315202
1560	0.000000
Torque_78Hz_779.423V
0	292.708068
32.76	298.680178
65.52	304.900738
98.28	311.385576
131.04	318.151894
163.8	325.218422
196.56	332.605586
229.32	340.335710
262.08	348.433236
294.84	356.924986
327.6	365.840459
360.36	375.212168
393.12	385.076039
425.88	395.471872
458.64	406.443874
491.4	418.041288
524.16	430.319129
556.92	443.339058
589.68	457.170413
622.44	471.891443
655.2	487.590787
687.96	504.369255
720.72	522.341988
753.48	541.641101
786.24	562.418925
819	584.852025
851.76	609.146211
884.52	635.542853
917.28	664.326892
950.04	695.837132
982.8	730.479569
1015.56	768.744897
1048.32	811.231771
1081.08	858.678154
1113.84	912.004260
1146.6	972.372353
1179.36	1041.271692
1212.12	1120.641797
1244.88	1213.055784
1277.64	1322.000720
1310.4	1452.320295
1343.16	1610.940159
1375.92	1808.109090
1408.68	2059.634533
1441.44	2391.162832
1474.2	2846.994813
1506.96	3509.855804
1539.72	4549.167993
1572.48	6335.746776
1605.24	9236.738097
1638	0.000000
Torque_81.9Hz_779.423V
0	254.578728
34.32	259.774256
68.64	265.185954
102.96	270.827597
137.28	276.714155
171.6	282.861926
205.92	289.288688
240.24	296.013866
274.56	303.058734
308.88	310.446636
343.2	318.203242
377.52	326.356851
411.84	334.938733
446.16	343.983528
480.48	353.529713
514.8	363.620151
549.12	374.302732
583.44	385.631128
617.76	397.665701
652.08	410.474571
686.4	424.134905
720.72	438.734471
755.04	454.373521
789.36	471.167088
823.68	489.247820
858	508.769475
892.32	529.911293
926.64	552.883502
960.96	577.934300
995.28	605.358837
1029.6	635.510837
1063.92	668.817878
1098.24	705.801692
1132.56	747.105540
1166.88	793.531709
1201.2	846.093778
1235.52	906.090870
1269.84	975.215492
1304.16	1055.714040
1338.48	1150.632471
1372.8	1264.204686
1407.12	1402.489881
1441.44	1574.465408
1475.76	1794.000762
1510.08	2083.652541
1544.4	2482.530229
1578.72	3064.128282
1613.04	3980.838173
1647.36	5577.117468
1681.68	8304.864152
1716	0.000000
Torque_85.8Hz_779.423V
0	222.786759
35.88	227.334669
71.76	232.071826
107.64	237.010290
143.52	242.163169
179.4	247.544733
215.28	253.170548
251.16	259.057623
287.04	265.224587
322.92	271.691880
358.8	278.481981
394.68	285.619671
430.56	293.132333
466.44	301.050300
502.32	309.407271
538.2	318.240781
574.08	327.592772
609.96	337.510251
645.84	348.046085
681.72	359.259936
717.6	371.219397
753.48	384.001346
789.36	397.693600
825.24	412.396932
861.12	428.227549
897	445.320159
932.88	463.831809
968.76	483.946707
1004.64	505.882353
1040.52	529.897411
1076.4	556.301915
1112.28	585.470674
1148.16	617.861093
1184.04	654.037211
1219.92	694.702643
1255.8	740.746495
1291.68	793.308652
1327.56	853.874628
1363.44	924.416837
1399.32	1007.611010
1435.2	1107.178672
1471.08	1228.449919
1506.96	1379.330124
1542.84	1572.050326
1578.72	1826.544217
1614.6	2177.485714
1650.48	2690.391132
1686.36	3502.561311
1722.24	4932.890875
1758.12	7488.662419
1794	0.000000
Torque_89.7Hz_779.423V
0	196.068626
37.44	200.072196
74.88	204.242379
112.32	208.589792
149.76	213.125979
187.2	217.863504
224.64	222.816073
262.08	227.998666
299.52	233.427683
336.96	239.121125
374.4	245.098787
411.84	251.382489
449.28	257.996347
486.72	264.967073
524.16	272.324343
561.6	280.101213
599.04	288.334622
636.48	297.065969
673.92	306.341815
711.36	316.214711
748.8	326.744189
786.24	337.997967
823.68	350.053399
861.12	362.999255
898.56	376.937906
936	391.988030
973.44	408.287988
1010.88	426.000085
1048.32	445.315972
1085.76	466.463590
1123.2	489.716176
1160.64	515.404085
1198.08	543.930522
1235.52	575.792761
1272.96	611.611227
1310.4	652.170061
1347.84	698.474798
1385.28	751.836230
1422.72	813.995363
1460.16	887.314990
1497.6	975.083123
1535.04	1082.012197
1572.48	1215.097899
1609.92	1385.177535
1647.36	1609.945789
1684.8	1920.269070
1722.24	2374.747741
1759.68	3097.325589
1797.12	4382.629000
1834.56	6771.434097
1872	0.000000
Torque_93.6Hz_779.423V
0	173.451384
39	176.994104
78	180.684270
117	184.531281
156	188.545352
195	192.737605
234	197.120171
273	201.706307
312	206.510530
351	211.548773
390	216.838557
429	222.399197
468	228.252037
507	234.420725
546	240.931527
585	247.813707
624	255.099962
663	262.826942
702	271.035866
741	279.773257
780	289.091819
819	299.051506
858	309.720807
897	321.178318
936	333.514684
975	346.834992
1014	361.261766
1053	376.938741
1092	394.035650
1131	412.754382
1170	433.336962
1209	456.076038
1248	481.328829
1287	509.535950
1326	541.247214
1365	577.157630
1404	618.158620
1443	665.412500
1482	720.463522
1521	785.408229
1560	863.165484
1599	957.921180
1638	1075.894351
1677	1226.729915
1716	1426.201109
1755	1701.891043
1794	2106.385675
1833	2751.805796
1872	3910.058014
1911	6139.196438
1950	0.000000
Torque_97.5Hz_779.423V
0	154.177616
40.56	157.327568
81.12	160.608629
121.68	164.029158
162.24	167.598239
202.8	171.325762
243.36	175.222517
283.92	179.300292
324.48	183.571999
365.04	188.051806
405.6	192.755297
446.16	197.699649
486.72	202.903846
527.28	208.388917
567.84	214.178228
608.4	220.297803
648.96	226.776726
689.52	233.647594
730.08	240.947071
770.64	248.716538
811.2	257.002878
851.76	265.859421
892.32	275.347091
932.88	285.535810
973.44	296.506217
1014	308.351804
1054.56	321.181583
1095.12	335.123439
1135.68	350.328405
1176.24	366.976130
1216.8	385.281999
1257.36	405.506467
1297.92	427.967487
1338.48	453.057284
1379.04	481.265348
1419.6	513.210533
1460.16	549.686719
1500.72	591.729262
1541.28	640.714099
1581.84	698.509863
1622.4	767.719193
1662.96	852.076484
1703.52	957.133943
1744.08	1091.510819
1784.64	1269.323119
1825.2	1515.310141
1865.76	1876.810127
1906.32	2455.470472
1946.88	3502.125213
1987.44	5580.193147
2028	0.000000
Torque_101.4Hz_779.423V
0	137.651736
42.12	140.464882
84.24	143.395128
126.36	146.449938
168.48	149.637427
210.6	152.966430
252.72	156.446582
294.84	160.088415
336.96	163.903462
379.08	167.904380
421.2	172.105087
463.32	176.520929
505.44	181.168863
547.56	186.067677
589.68	191.238240
631.8	196.703803
673.92	202.490347
716.04	208.626993
758.16	215.146497
800.28	222.085827
842.4	229.486869
884.52	237.397271
926.64	245.871468
968.76	254.971932
1010.88	264.770716
1053	275.351362
1095.12	286.811279
1137.24	299.264752
1179.36	312.846752
1221.48	327.717838
1263.6	344.070516
1305.72	362.137593
1347.84	382.203295
1389.96	404.618273
1432.08	429.820186
1474.2	458.362428
1516.32	490.955025
1558.44	528.524142
1600.56	572.300897
1642.68	623.957734
1684.8	685.824892
1726.92	761.247505
1769.04	855.202197
1811.16	975.421465
1853.28	1134.585135
1895.4	1354.958840
1937.52	1679.286727
1979.64	2199.926222
2021.76	3148.289016
2063.88	5084.502158
2106	0.000000
Torque_105.3Hz_779.423V
0	123.401047
43.68	125.923732
87.36	128.551431
131.04	131.290842
174.72	134.149240
218.4	137.134550
262.08	140.255415
305.76	143.521279
349.44	146.942487
393.12	150.530390
436.8	154.297474
480.48	158.257501
524.16	162.425681
567.84	166.818866
611.52	171.455776
655.2	176.357265
698.88	181.546638
742.56	187.050018
786.24	192.896785
829.92	199.120104
873.6	205.757547
917.28	212.851858
960.96	220.451871
1004.64	228.613631
1048.32	237.401780
1092	246.891269
1135.68	257.169495
1179.36	268.339001
1223.04	280.520892
1266.72	293.859245
1310.4	308.526809
1354.08	324.732516
1397.76	342.731461
1441.44	362.838383
1485.12	385.446159
1528.8	411.051616
1572.48	440.292293
1616.16	473.999947
1659.84	513.280430
1703.52	559.636406
1747.2	615.162244
1790.88	682.865759
1834.56	767.224282
1878.24	875.199978
1921.92	1018.222418
1965.6	1216.396723
2009.28	1508.431759
2052.96	1978.431064
2096.64	2839.980017
2140.32	4643.719306
2184	0.000000
Torque_109.2Hz_779.423V
0	111.047156
45.24	113.318019
90.48	115.683420
135.72	118.149387
180.96	120.722470
226.2	123.409805
271.44	126.219171
316.68	129.159074
361.92	132.238824
407.16	135.468644
452.4	138.859773
497.64	142.424603
542.88	146.176828
588.12	150.131621
633.36	154.305836
678.6	158.718251
723.84	163.389849
769.08	168.344151
814.32	173.607612
859.56	179.210095
904.8	185.185432
950.04	191.572113
995.28	198.414111
1040.52	205.761897
1085.76	213.673683
1131	222.216967
1176.24	231.470459
1221.48	241.526509
1266.72	252.494196
1311.96	264.503286
1357.2	277.709386
1402.44	292.300701
1447.68	308.507036
1492.92	326.611949
1538.16	346.969429
1583.4	370.027172
1628.64	396.359744
1673.88	426.716859
1719.12	462.095479
1764.36	503.850618
1809.6	553.871412
1854.84	614.871972
1900.08	690.894483
1945.32	788.228892
1990.56	917.211705
2035.8	1096.053634
2081.04	1359.907495
2126.28	1785.529633
2171.52	2570.188688
2216.76	4250.701717
2262	0.000000
Torque_113.1Hz_779.423V
0	100.284732
46.8	102.336199
93.6	104.473074
140.4	106.700803
187.2	109.025307
234	111.453029
280.8	113.991000
327.6	116.646904
374.4	119.429155
421.2	122.346987
468	125.410556
514.8	128.631059
561.6	132.020868
608.4	135.593693
655.2	139.364763
702	143.351045
748.8	147.571500
795.6	152.047380
842.4	156.802591
889.2	161.864116
936	167.262529
982.8	173.032610
1029.6	179.214098
1076.4	185.852601
1123.2	193.000728
1170	200.719477
1216.8	209.079985
1263.6	218.165718
1310.4	228.075260
1357.2	238.925906
1404	250.858308
1450.8	264.042593
1497.6	278.686508
1544.4	295.046408
1591.2	313.442350
1638	334.279154
1684.8	358.076421
1731.6	385.512235
1778.4	417.488460
1825.2	455.231115
1872	500.449946
1918.8	555.602183
1965.6	624.349109
2012.4	712.391572
2059.2	829.106555
2106	991.037457
2152.8	1230.193337
2199.6	1616.777134
2246.4	2333.147590
2293.2	3899.358574
2340	0.000000
Torque_117Hz_779.423V
0	90.865570
48.36	92.725011
96.72	94.661868
145.08	96.681080
193.44	98.788012
241.8	100.988506
290.16	103.288935
338.52	105.696265
386.88	108.218123
435.24	110.862880
483.6	113.639743
531.96	116.558861
580.32	119.631452
628.68	122.869943
677.04	126.288141
725.4	129.901427
773.76	133.726989
822.12	137.784097
870.48	142.094423
918.84	146.682429
967.2	151.575835
1015.56	156.806174
1063.92	162.409474
1112.28	168.427088
1160.64	174.906716
1209	181.903666
1257.36	189.482439
1305.72	197.718719
1354.08	206.701904
1402.44	216.538358
1450.8	227.355633
1499.16	239.308020
1547.52	252.583935
1595.88	267.415899
1644.24	284.094227
1692.6	302.986158
1740.96	324.563103
1789.32	349.440334
1837.68	378.436301
1886.04	412.663835
1934.4	453.675212
1982.76	503.702039
2031.12	566.070803
2079.48	645.964014
2127.84	751.913118
2176.2	898.988824
2224.56	1116.412276
2272.92	1468.528622
2321.28	2124.084678
2369.64	3584.479749
2418	0.000000
Torque_120.9Hz_779.423V
0	82.586499
49.92	84.277146
99.84	86.038185
149.76	87.874106
199.68	89.789788
249.6	91.790543
299.52	93.882167
349.44	96.070993
399.36	98.363956
449.28	100.768670
499.2	103.293506
549.12	105.947694
599.04	108.741433
648.96	111.686026
698.88	114.794028
748.8	118.079425
798.72	121.557850
848.64	125.246825
898.56	129.166058
948.48	133.337797
998.4	137.787250
1048.32	142.543096
1098.24	147.638101
1148.16	153.109873
1198.08	159.001795
1248	165.364171
1297.92	172.255668
1347.84	179.745123
1397.76	187.913851
1447.68	196.858603
1497.6	206.695408
1547.52	217.564622
1597.44	229.637654
1647.36	243.126048
1697.28	258.293948
1747.2	275.475512
1797.12	295.099727
1847.04	317.726559
1896.96	344.100989
1946.88	375.236131
1996.8	412.545474
2046.72	458.061672
2096.64	514.815789
2146.56	587.532532
2196.48	683.995534
2246.4	817.970272
2296.32	1016.198100
2346.24	1337.776788
2396.16	1939.030486
2446.08	3301.594852
2496	0.000000
Torque_124.8Hz_779.423V
0	75.280133
51.48	76.821809
102.96	78.427678
154.44	80.101833
205.92	81.848724
257.4	83.673196
308.88	85.580534
360.36	87.576514
411.84	89.667461
463.32	91.860317
514.8	94.162718
566.28	96.583081
617.76	99.130708
669.24	101.815908
720.72	104.650130
772.2	107.646131
823.68	110.818167
875.16	114.182220
926.64	117.756266
978.12	121.560595
1029.6	125.618199
1081.08	129.955235
1132.56	134.601589
1184.04	139.591566
1235.52	144.964734
1287	150.766980
1338.48	157.051816
1389.96	163.882037
1441.44	171.331819
1492.92	179.489422
1544.4	188.460697
1595.88	198.373692
1647.36	209.384793
1698.84	221.687012
1750.32	235.521370
1801.8	251.192795
1853.28	269.092778
1904.76	289.732399
1956.24	313.791684
2007.72	342.195558
2059.2	376.234727
2110.68	417.765752
2162.16	469.558060
2213.64	535.930565
2265.12	624.003231
2316.6	746.380946
2368.08	927.592930
2419.56	1222.026111
2471.04	1774.666432
2522.52	3046.856864
2574	0.000000
Torque_128.7Hz_779.423V
0	68.807726
53.04	70.217430
106.08	71.685833
159.12	73.216679
212.16	74.814037
265.2	76.482337
318.24	78.226413
371.28	80.051547
424.32	81.963523
477.36	83.968690
530.4	86.074030
583.44	88.287241
636.48	90.616830
689.52	93.072223
742.56	95.663891
795.6	98.403503
848.64	101.304094
901.68	104.380281
954.72	107.648503
1007.76	111.127318
1060.8	114.837753
1113.84	118.803730
1166.88	123.052584
1219.92	127.615690
1272.96	132.529238
1326	137.835196
1379.04	143.582512
1432.08	149.828621
1485.12	156.641373
1538.16	164.101501
1591.2	172.305832
1644.24	181.371504
1697.28	191.441582
1750.32	202.692647
1803.36	215.345213
1856.4	229.678283
1909.44	246.050092
1962.48	264.928348
2015.52	286.935440
2068.56	312.918020
2121.6	344.057778
2174.64	382.054869
2227.68	429.446197
2280.72	490.189764
2333.76	570.814601
2386.8	682.890415
2439.84	848.967530
2492.88	1119.194493
2545.92	1628.204731
2598.96	2816.945720
2652	0.000000
Torque_132.6Hz_779.423V
0	63.053621
54.6	64.345992
109.2	65.692179
163.8	67.095613
218.4	68.560026
273	70.089480
327.6	71.688405
382.2	73.361644
436.8	75.114501
491.4	76.952797
546	78.882933
600.6	80.911967
655.2	83.047700
709.8	85.298774
764.4	87.674789
819	90.186444
873.6	92.845691
928.2	95.665933
982.8	98.662242
1037.4	101.851635
1092	105.253392
1146.6	108.889449
1201.2	112.784868
1255.8	116.968421
1310.4	121.473292
1365	126.337967
1419.6	131.607330
1474.2	137.334051
1528.8	143.580352
1583.4	150.420269
1638	157.942604
1692.6	166.254786
1747.2	175.488028
1801.8	185.804292
1856.4	197.405844
1911	210.548613
1965.6	225.561234
2020.2	242.872804
2074.8	263.054394
2129.4	286.882945
2184	315.443034
2238.6	350.295426
2293.2	393.769698
2347.8	449.501823
2402.4	523.493020
2457	626.386935
2511.6	778.958863
2566.2	1027.535829
2620.8	1497.292756
2675.4	2608.988153
2730	0.000000
Torque_136.5Hz_779.423V
0	57.920881
56.16	59.108586
112.32	60.345750
168.48	61.635527
224.64	62.981345
280.8	64.386939
336.96	65.856380
393.12	67.394119
449.28	69.005032
505.44	70.694468
561.6	72.468310
617.76	74.333045
673.92	76.295844
730.08	78.364648
786.24	80.548282
842.4	82.856579
898.56	85.300526
954.72	87.892440
1010.88	90.646176
1067.04	93.577373
1123.2	96.703755
1179.36	100.045482
1235.52	103.625594
1291.68	107.470535
1347.84	111.610809
1404	116.081793
1460.16	120.924745
1516.32	126.188083
1572.48	131.929004
1628.64	138.215571
1684.8	145.129419
1740.96	152.769312
1797.12	161.255885
1853.28	170.738047
1909.44	181.401771
1965.6	193.482388
2021.76	207.282096
2077.92	223.195511
2134.08	241.747861
2190.24	263.653807
2246.4	289.911133
2302.56	321.955990
2358.72	361.932519
2414.88	413.188475
2471.04	481.252250
2527.2	575.936696
2583.36	716.420813
2639.52	945.578658
2695.68	1379.936441
2751.84	2420.490843
2808	0.000000
Torque_140.4Hz_779.423V
0	53.327855
57.72	54.421896
115.44	55.561497
173.16	56.749562
230.88	57.989252
288.6	59.284004
346.32	60.637572
404.04	62.054054
461.76	63.537941
519.48	65.094161
577.2	66.728135
634.92	68.445839
692.64	70.253877
750.36	72.159566
808.08	74.171037
865.8	76.297346
923.52	78.548615
981.24	80.936192
1038.96	83.472842
1096.68	86.172971
1154.4	89.052908
1212.12	92.131227
1269.84	95.429154
1327.56	98.971050
1385.28	102.785022
1443	106.903662
1500.72	111.364984
1558.44	116.213596
1616.16	121.502199
1673.88	127.293507
1731.6	133.662738
1789.32	140.700898
1847.04	148.519150
1904.76	157.254713
1962.48	167.078971
2020.2	178.208801
2077.92	190.922726
2135.64	205.584469
2193.36	222.678182
2251.08	242.862713
2308.8	267.058046
2366.52	296.588591
2424.24	333.432142
2481.96	380.677750
2539.68	443.429038
2597.4	530.751517
2655.12	660.385044
2712.84	872.077239
2770.56	1274.438591
2828.28	2249.284482
2886	0.000000
Torque_144.3Hz_779.423V
0	49.205433
59.28	50.215404
118.56	51.267434
177.84	52.364207
237.12	53.508638
296.4	54.703902
355.68	55.953463
414.96	57.261107
474.24	58.630978
533.52	60.067626
592.8	61.576057
652.08	63.161787
711.36	64.830912
770.64	66.590190
829.92	68.447126
889.2	70.410082
948.48	72.488403
1007.76	74.692566
1067.04	77.034355
1126.32	79.527074
1185.6	82.185796
1244.88	85.027672
1304.16	88.072299
1363.44	91.342171
1422.72	94.863239
1482	98.665595
1541.28	102.784340
1600.56	107.260663
1659.84	112.143228
1719.12	117.489943
1778.4	123.370266
1837.68	129.868235
1896.96	137.086505
1956.24	145.151798
2015.52	154.222392
2074.8	164.498590
2134.08	176.237643
2193.36	189.775517
2252.64	205.559458
2311.92	224.198145
2371.2	246.541625
2430.48	273.813828
2489.76	307.842903
2549.04	351.485052
2608.32	409.461267
2667.6	490.163056
2726.88	610.029706
2786.16	805.972304
2845.44	1179.348943
2904.72	2093.476850
2964	0.000000
Torque_148.2Hz_779.423V
0	45.494858
60.84	46.429156
121.68	47.402362
182.52	48.416959
243.36	49.475645
304.2	50.581357
365.04	51.737299
425.88	52.946972
486.72	54.214213
547.56	55.543231
608.4	56.938654
669.24	58.405588
730.08	59.949673
790.92	61.577159
851.76	63.294990
912.6	65.110903
973.44	67.033543
1034.28	69.072604
1095.12	71.238987
1155.96	73.545001
1216.8	76.004591
1277.64	78.633626
1338.48	81.450237
1399.32	84.475235
1460.16	87.732631
1521	91.250268
1581.84	95.060621
1642.68	99.201803
1703.52	103.718840
1764.36	108.665313
1825.2	114.105494
1886.04	120.117147
1946.88	126.795262
2007.72	134.257108
2068.56	142.649158
2129.4	152.156785
2190.24	163.018078
2251.08	175.543996
2311.92	190.148525
2372.76	207.395135
2433.6	228.070829
2494.44	253.308938
2555.28	284.802633
2616.12	325.197981
2676.96	378.870429
2737.8	453.602114
2798.64	564.654273
2859.48	746.359395
2920.32	1093.423532
2981.16	1951.413309
3042	0.000000
Torque_152.1Hz_779.423V
0	42.145961
62.4	43.011959
124.8	43.914022
187.2	44.854452
249.6	45.835748
312	46.860633
374.4	47.932077
436.8	49.053327
499.2	50.227938
561.6	51.459811
624	52.753238
686.4	54.112950
748.8	55.544176
811.2	57.052709
873.6	58.644988
936	60.328182
998.4	62.110307
1060.8	64.000348
1123.2	66.008411
1185.6	68.145905
1248	70.425760
1310.4	72.862684
1372.8	75.473484
1435.2	78.277456
1497.6	81.296856
1560	84.557497
1622.4	88.089485
1684.8	91.928154
1747.2	96.115245
1809.6	100.700436
1872	105.743312
1934.4	111.315972
1996.8	117.506488
2059.2	124.423589
2121.6	132.203089
2184	141.016877
2246.4	151.085731
2308.8	162.698023
2371.2	176.237691
2433.6	192.227354
2496	211.397039
2558.4	234.798176
2620.8	264.001880
2683.2	301.464108
2745.6	351.247483
2808	420.581910
2870.4	523.659190
2932.8	692.463183
2995.2	1015.591476
3057.6	1821.643483
3120	0.000000
Torque_156Hz_779.423V
0	39.115730
63.96	39.919926
127.92	40.757614
191.88	41.630931
255.84	42.542199
319.8	43.493946
383.76	44.488931
447.72	45.530168
511.68	46.620959
575.64	47.764928
639.6	48.966060
703.56	50.228748
767.52	51.557850
831.48	52.958745
895.44	54.437411
959.4	56.000510
1023.36	57.655483
1087.32	59.410675
1151.28	61.275474
1215.24	63.260474
1279.2	65.377683
1343.16	67.640762
1407.12	70.065321
1471.08	72.669280
1535.04	75.473310
1599	78.501386
1662.96	81.781470
1726.92	85.346378
1790.88	89.234882
1854.84	93.493123
1918.8	98.176446
1982.76	103.351820
2046.72	109.101055
2110.68	115.525149
2174.64	122.750265
2238.6	130.936081
2302.56	140.287705
2366.52	151.073049
2430.48	163.648840
2494.44	178.500693
2558.4	196.307013
2622.36	218.045017
2686.32	245.175174
2750.28	279.981043
2814.24	326.241380
2878.2	390.684506
2942.16	486.529322
3006.12	643.616523
3070.08	944.927692
3134.04	1702.893049
3198	0.000000
Torque_159.9Hz_779.423V
0	36.367149
65.52	37.115285
131.04	37.894580
196.56	38.707020
262.08	39.554767
327.6	40.440172
393.12	41.365802
458.64	42.334461
524.16	43.349221
589.68	44.413452
655.2	45.530864
720.72	46.705544
786.24	47.942009
851.76	49.245265
917.28	50.620875
982.8	52.075033
1048.32	53.614667
1113.84	55.247538
1179.36	56.982380
1244.88	58.829050
1310.4	60.798721
1375.92	62.904102
1441.44	65.159717
1506.96	67.582239
1572.48	70.190899
1638	73.008006
1703.52	76.059575
1769.04	79.376141
1834.56	82.993778
1900.08	86.955419
1965.6	91.312562
2031.12	96.127523
2096.64	101.476425
2162.16	107.453252
2227.68	114.175409
2293.2	121.791492
2358.72	130.492383
2424.24	140.527425
2489.76	152.228638
2555.28	166.048041
2620.8	182.617161
2686.32	202.845803
2751.84	228.093913
2817.36	260.488346
2882.88	303.549698
2948.4	363.549724
3013.92	452.820431
3079.44	599.243294
3144.96	880.630394
3210.48	1594.039802
3276	0.000000
Torque_163.8Hz_779.423V
0	33.868241
67.08	34.565410
134.16	35.291614
201.24	36.048707
268.32	36.838700
335.4	37.663788
402.48	38.526361
469.56	39.429032
536.64	40.374665
603.72	41.366400
670.8	42.407694
737.88	43.502356
804.96	44.654596
872.04	45.869079
939.12	47.150989
1006.2	48.506099
1073.28	49.940864
1140.36	51.462519
1207.44	53.079203
1274.52	54.800102
1341.6	56.635627
1408.68	58.597626
1475.76	60.699632
1542.84	62.957184
1609.92	65.388208
1677	68.013492
1744.08	70.857284
1811.16	73.948043
1878.24	77.319391
1945.32	81.011343
2012.4	85.071897
2079.48	89.559136
2146.56	94.544014
2213.64	100.114134
2280.72	106.378932
2347.8	113.476926
2414.88	121.586054
2481.96	130.938766
2549.04	141.844601
2616.12	154.725003
2683.2	170.168838
2750.28	189.024541
2817.36	212.560521
2884.44	242.760895
2951.52	282.910972
3018.6	338.866052
3085.68	422.148068
3152.76	558.844277
3219.84	822.002442
3286.92	1494.093305
3354	0.000000
Torque_167.7Hz_779.423V
0	31.591292
68.64	32.242019
137.28	32.919847
205.92	33.626506
274.56	34.363876
343.2	35.134002
411.84	35.939117
480.48	36.781660
549.12	37.664303
617.76	38.589980
686.4	39.561914
755.04	40.583663
823.68	41.659156
892.32	42.792748
960.96	43.989276
1029.6	45.254132
1098.24	46.593339
1166.88	48.013652
1235.52	49.522666
1304.16	51.128958
1372.8	52.842247
1441.44	54.673589
1510.08	56.635621
1578.72	58.742847
1647.36	61.011999
1716	63.462484
1784.64	66.116938
1853.28	69.001927
1921.92	72.148839
1990.56	75.595027
2059.2	79.385304
2127.84	83.573890
2196.48	88.227029
2265.12	93.426507
2333.76	99.274497
2402.4	105.900325
2471.04	113.470133
2539.68	122.200964
2608.32	132.381860
2676.96	144.406383
2745.6	158.824482
2814.24	176.428611
2882.88	198.403652
2951.52	226.603427
3020.16	264.098368
3088.8	316.363155
3157.44	394.178404
3226.08	521.985466
3294.72	768.435842
3363.36	1402.177519
3432	0.000000
Torque_171.6Hz_779.423V
0	29.512197
70.2	30.120516
140.4	30.754170
210.6	31.414778
280.8	32.104095
351	32.824034
421.2	33.576682
491.4	34.364320
561.6	35.189446
631.8	36.054802
702	36.963402
772.2	37.918571
842.4	38.923983
912.6	39.983710
982.8	41.102273
1053	42.284714
1123.2	43.536663
1193.4	44.864434
1263.6	46.275130
1333.8	47.776768
1404	49.378435
1474.2	51.090469
1544.4	52.924681
1614.6	54.894632
1684.8	57.015968
1755	59.306831
1825.2	61.788385
1895.4	64.485467
1965.6	67.427425
2035.8	70.649183
2106	74.192639
2176.2	78.108490
2246.4	82.458675
2316.6	87.319667
2386.8	92.787004
2457	98.981616
2527.2	106.058865
2597.4	114.221720
2667.6	123.740493
2737.8	134.983265
2808	148.464418
2878.2	164.925231
2948.4	185.474215
3018.6	211.846020
3088.8	246.914453
3159	295.805661
3229.2	368.620633
3299.4	488.288371
3369.6	719.398787
3439.8	1317.515961
3510	0.000000
Torque_175.5Hz_779.423V
0	27.609924
71.76	28.179441
143.52	28.772678
215.28	29.391150
287.04	30.036499
358.8	30.710519
430.56	31.415162
502.32	32.152563
574.08	32.925062
645.84	33.735225
717.6	34.585876
789.36	35.480126
861.12	36.421415
932.88	37.413556
1004.64	38.460783
1076.4	39.567814
1148.16	40.739922
1219.92	41.983019
1291.68	43.303755
1363.44	44.709635
1435.2	46.209169
1506.96	47.812033
1578.72	49.529290
1650.48	51.373635
1722.24	53.359716
1794	55.504522
1865.76	57.827868
1937.52	60.353011
2009.28	63.107428
2081.04	66.123823
2152.8	69.441426
2224.56	73.107709
2296.32	77.180670
2368.08	81.731921
2439.84	86.850924
2511.6	92.650926
2583.36	99.277421
2655.12	106.920491
2726.88	115.833302
2798.64	126.360601
2870.4	138.984203
2942.16	154.398512
3013.92	173.642075
3085.68	198.340339
3157.44	231.186847
3229.2	276.988011
3300.96	345.220652
3372.72	457.421924
3444.48	674.424809
3516.24	1239.418983
3588	0.000000
Torque_179.4Hz_779.423V
0	25.866069
73.32	26.400015
146.64	26.956201
219.96	27.536044
293.28	28.141088
366.6	28.773011
439.92	29.433645
513.24	30.124992
586.56	30.849245
659.88	31.608811
733.2	32.406336
806.52	33.244739
879.84	34.127244
953.16	35.057426
1026.48	36.039254
1099.8	37.077153
1173.12	38.176067
1246.44	39.341538
1319.76	40.579801
1393.08	41.897895
1466.4	43.303795
1539.72	44.806577
1613.04	46.416612
1686.36	48.145804
1759.68	50.007887
1833	52.018790
1906.32	54.197093
1979.64	56.564603
2052.96	59.147084
2126.28	61.975200
2199.6	65.085738
2272.92	68.523212
2346.24	72.342007
2419.56	76.609273
2492.88	81.408905
2566.2	86.847102
2639.52	93.060305
2712.84	100.226780
2786.16	108.583962
2859.48	118.455195
2932.8	130.292410
3006.12	144.747002
3079.44	162.793304
3152.76	185.956505
3226.08	216.764594
3299.4	259.730141
3372.72	323.755773
3446.04	429.095707
3519.36	633.103647
3592.68	1167.272839
3666	0.000000
Torque_183.3Hz_779.423V
0	24.264480
74.88	24.765757
149.76	25.287912
224.64	25.832278
299.52	26.400303
374.4	26.993563
449.28	27.613778
524.16	28.262827
599.04	28.942770
673.92	29.655865
748.8	30.404597
823.68	31.191707
898.56	32.020222
973.44	32.893497
1048.32	33.815261
1123.2	34.789666
1198.08	35.821354
1272.96	36.915529
1347.84	38.078045
1422.72	39.315509
1497.6	40.635412
1572.48	42.046272
1647.36	43.557827
1722.24	45.181254
1797.12	46.929448
1872	48.817365
1946.88	50.862448
2021.76	53.085174
2096.64	55.509733
2171.52	58.164916
2246.4	61.085264
2321.28	64.312574
2396.16	67.897911
2471.04	71.904330
2545.92	76.410605
2620.8	81.516463
2695.68	87.350027
2770.56	94.078704
2845.44	101.925473
2920.32	111.194009
2995.2	122.308777
3070.08	135.881633
3144.96	152.827870
3219.84	174.580474
3294.72	203.515117
3369.6	243.873877
3444.48	304.030291
3519.36	403.054257
3594.24	595.073532
3669.12	1100.530276
3744	0.000000
Torque_187.2Hz_779.423V
0	22.790941
76.44	23.262159
152.88	23.753005
229.32	24.264730
305.76	24.798695
382.2	25.356382
458.64	25.939409
535.08	26.549541
611.52	27.188714
687.96	27.859053
764.4	28.562893
840.84	29.302809
917.28	30.081649
993.72	30.902567
1070.16	31.769066
1146.6	32.685052
1223.04	33.654887
1299.48	34.683464
1375.92	35.776285
1452.36	36.939564
1528.8	38.180341
1605.24	39.506625
1681.68	40.927569
1758.12	42.453683
1834.56	44.097087
1911	45.871843
1987.44	47.794351
2063.88	49.883860
2140.32	52.163112
2216.76	54.659176
2293.2	57.404524
2369.64	60.438454
2446.08	63.808977
2522.52	67.575375
2598.96	71.811715
2675.4	76.611760
2751.84	82.095982
2828.28	88.421792
2904.72	95.798860
2981.16	104.512753
3057.6	114.962647
3134.04	127.723992
3210.48	143.657705
3286.92	164.111827
3363.36	191.321667
3439.8	229.279892
3516.24	285.871748
3592.68	379.072266
3669.12	560.014666
3745.56	1038.702408
3822	0.000000
Torque_191.1Hz_779.423V
0	21.432906
78	21.876422
156	22.338412
234	22.820053
312	23.322628
390	23.847531
468	24.396283
546	24.970548
624	25.572147
702	26.203080
780	26.865545
858	27.561967
936	28.295025
1014	29.067687
1092	29.883252
1170	30.745396
1248	31.658225
1326	32.626343
1404	33.654932
1482	34.749838
1560	35.917688
1638	37.166021
1716	38.503454
1794	39.939878
1872	41.486702
1950	43.157162
2028	44.966695
2106	46.933421
2184	49.078746
2262	51.428153
2340	54.012206
2418	56.867899
2496	60.040426
2574	63.585594
2652	67.573127
2730	72.091294
2808	77.253510
2886	83.207967
2964	90.152068
3042	98.354680
3120	108.191657
3198	120.204866
3276	135.205063
3354	154.461913
3432	180.081160
3510	215.825140
3588	269.127780
3666	356.950517
3744	527.643670
3822	981.351694
3900	0.000000
Torque_195Hz_779.423V
0	20.179277
79.56	20.597220
159.12	21.032572
238.68	21.486443
318.24	21.960040
397.8	22.454677
477.36	22.971790
556.92	23.512945
636.48	24.079858
716.04	24.674414
795.6	25.298685
875.16	25.954954
954.72	26.645748
1034.28	27.373864
1113.84	28.142410
1193.4	28.954849
1272.96	29.815053
1352.52	30.727360
1432.08	31.696652
1511.64	32.728439
1591.2	33.828966
1670.76	35.005339
1750.32	36.265678
1829.88	37.619302
1909.44	39.076967
1989	40.651145
2068.56	42.356383
2148.12	44.209758
2227.68	46.231446
2307.24	48.445459
2386.8	50.880607
2466.36	53.571752
2545.92	56.561488
2625.48	59.902413
2705.04	63.660241
2784.6	67.918169
2864.16	72.783092
2943.72	78.394693
3023.28	84.939040
3102.84	92.669578
3182.4	101.940619
3261.96	113.263005
3341.52	127.401145
3421.08	145.552268
3500.64	169.702346
3580.2	203.400681
3659.76	253.663442
3739.32	336.512433
3818.88	497.708857
3898.44	928.085845
3978	0.000000
Torque_198.9Hz_779.423V
0	19.020211
81.12	19.414510
162.24	19.825233
243.36	20.253427
324.48	20.700232
405.6	21.166887
486.72	21.654746
567.84	22.165288
648.96	22.700131
730.08	23.261053
811.2	23.850009
892.32	24.469155
973.44	25.120872
1054.56	25.807801
1135.68	26.532873
1216.8	27.299356
1297.92	28.110903
1379.04	28.971606
1460.16	29.886072
1541.28	30.859500
1622.4	31.897781
1703.52	33.007619
1784.64	34.196675
1865.76	35.473743
1946.88	36.848970
2028	38.334123
2109.12	39.942928
2190.24	41.691497
2271.36	43.598866
2352.48	45.687692
2433.6	47.985156
2514.72	50.524152
2595.84	53.344871
2676.96	56.496941
2758.08	60.042370
2839.2	64.059659
2920.32	68.649679
3001.44	73.944236
3082.56	80.118921
3163.68	87.412907
3244.8	96.160578
3325.92	106.844074
3407.04	120.184911
3488.16	137.313280
3569.28	160.104258
3650.4	191.909830
3731.52	239.358929
3812.64	317.601135
3893.76	469.986188
3974.88	878.552534
4056	0.000000
Torque_202.8Hz_779.423V
0	17.946957
82.68	18.319362
165.36	18.707279
248.04	19.111697
330.72	19.533693
413.4	19.974438
496.08	20.435209
578.76	20.917403
661.44	21.422549
744.12	21.952327
826.8	22.508583
909.48	23.093353
992.16	23.708886
1074.84	24.357675
1157.52	25.042491
1240.2	25.766420
1322.88	26.532910
1405.56	27.345830
1488.24	28.209527
1570.92	29.128914
1653.6	30.109555
1736.28	31.157782
1818.96	32.280831
1901.64	33.487009
1984.32	34.785897
2067	36.188613
2149.68	37.708120
2232.36	39.359637
2315.04	41.161145
2397.72	43.134043
2480.4	45.304008
2563.08	47.702110
2645.76	50.366312
2728.44	53.343494
2811.12	56.692228
2893.8	60.486670
2976.48	64.822107
3059.16	69.823053
3141.84	75.655387
3224.52	82.545067
3307.2	90.808009
3389.88	100.899759
3472.56	113.502086
3555.24	129.683040
3637.92	151.214885
3720.6	181.266582
3803.28	226.107631
3885.96	300.076934
3968.64	444.275806
4051.32	832.434793
4134	0.000000
Torque_206.7Hz_779.423V
0	16.951719
84.24	17.303822
168.48	17.670590
252.72	18.052961
336.96	18.451951
421.2	18.868667
505.44	19.304319
589.68	19.760225
673.92	20.237834
758.16	20.738731
842.4	21.264663
926.64	21.817554
1010.88	22.399533
1095.12	23.012955
1179.36	23.660440
1263.6	24.344907
1347.84	25.069616
1432.08	25.838223
1516.32	26.654841
1600.56	27.524114
1684.8	28.451304
1769.04	29.442396
1853.28	30.504234
1937.52	31.644670
2021.76	32.872767
2106	34.199035
2190.24	35.635731
2274.48	37.197247
2358.72	38.900582
2442.96	40.765974
2527.2	42.817700
2611.44	45.085140
2695.68	47.604192
2779.92	50.419184
2864.16	53.585505
2948.4	57.173277
3032.64	61.272608
3116.88	66.001249
3201.12	71.516071
3285.36	78.030766
3369.6	85.844123
3453.84	95.387004
3538.08	107.304297
3622.32	122.606372
3706.56	142.970037
3790.8	171.394260
3875.04	213.814475
3959.28	283.815172
4043.52	420.399058
4127.76	789.446993
4212	0.000000
Torque_210.6Hz_779.423V
0	16.027536
85.8	16.360785
171.6	16.707915
257.4	17.069811
343.2	17.447437
429	17.841841
514.8	18.254166
600.6	18.685662
686.4	19.137698
772.2	19.611776
858	20.109549
943.8	20.632837
1029.6	21.183656
1115.4	21.764235
1201.2	22.377054
1287	23.024875
1372.8	23.710784
1458.6	24.438242
1544.4	25.211141
1630.2	26.033877
1716	26.911429
1801.8	27.849464
1887.6	28.854459
1973.4	29.933846
2059.2	31.096203
2145	32.351477
2230.8	33.711272
2316.6	35.189207
2402.4	36.801375
2488.2	38.566930
2574	40.508852
2659.8	42.654951
2745.6	45.039205
2831.4	47.703575
2917.2	50.700490
3003	54.096328
3088.8	57.976387
3174.6	62.452131
3260.4	67.672065
3346.2	73.838491
3432	81.234277
3517.8	90.267357
3603.6	101.548341
3689.4	116.033990
3775.2	135.312372
3861	162.224355
3946.8	202.394491
4032.6	268.704375
4118.4	398.195923
4204.2	749.331338
4290	0.000000
Torque_214.5Hz_779.423V
0	15.168177
87.36	15.483895
174.72	15.812764
262.08	16.155622
349.44	16.513383
436.8	16.887039
524.16	17.277673
611.52	17.686470
698.88	18.114727
786.24	18.563867
873.6	19.035454
960.96	19.531216
1048.32	20.053060
1135.68	20.603100
1223.04	21.183684
1310.4	21.797429
1397.76	22.447258
1485.12	23.136452
1572.48	23.868698
1659.84	24.648159
1747.2	25.479555
1834.56	26.368253
1921.92	27.320390
2009.28	28.343008
2096.64	29.444234
2184	30.633491
2271.36	31.921775
2358.72	33.321989
2446.08	34.849381
2533.44	36.522097
2620.8	38.361911
2708.16	40.395172
2795.52	42.654075
2882.88	45.178377
2970.24	48.017756
3057.6	51.235107
3144.96	54.911251
3232.32	59.151810
3319.68	64.097504
3407.04	69.940036
3494.4	76.947469
3581.76	85.506402
3669.12	96.195548
3756.48	109.921781
3843.84	128.190561
3931.2	153.695534
4018.56	191.771586
4105.92	254.644656
4193.28	377.522793
4280.64	711.854785
4368	0.000000
Torque_218.4Hz_779.423V
0	14.368059
88.92	14.667453
177.84	14.979319
266.76	15.304452
355.68	15.643716
444.6	15.998054
533.52	16.368493
622.44	16.756156
711.36	17.162272
800.28	17.588192
889.2	18.035400
978.12	18.505532
1067.04	19.000399
1155.96	19.522003
1244.88	20.072573
1333.8	20.654590
1422.72	21.270828
1511.64	21.924394
1600.56	22.618788
1689.48	23.357957
1778.4	24.146376
1867.32	24.989138
1956.24	25.892059
2045.16	26.861820
2134.08	27.906126
2223	29.033916
2311.92	30.255616
2400.84	31.583463
2489.76	33.031918
2578.68	34.618191
2667.6	36.362931
2756.52	38.291127
2845.44	40.433312
2934.36	42.827193
3023.28	45.519883
3112.2	48.571035
3201.12	52.057302
3290.04	56.078864
3378.96	60.769188
3467.88	66.310110
3556.8	72.955897
3645.72	81.073275
3734.64	91.211241
3823.56	104.230181
3912.48	121.558562
4001.4	145.752772
4090.32	181.877480
4179.24	241.546336
4268.16	358.250549
4357.08	676.806355
4446	0.000000
Torque_222.3Hz_779.423V
0	13.622162
90.48	13.906340
180.96	14.202355
271.44	14.510963
361.92	14.832984
452.4	15.169313
542.88	15.520925
633.36	15.888885
723.84	16.274362
814.32	16.678635
904.8	17.103114
995.28	17.549354
1085.76	18.019070
1176.24	18.514166
1266.72	19.036756
1357.2	19.589195
1447.68	20.174115
1538.16	20.794468
1628.64	21.453574
1719.12	22.155181
1809.6	22.903536
1900.08	23.703471
1990.56	24.560511
2081.04	25.480995
2171.52	26.472238
2262	27.542723
2352.48	28.702349
2442.96	29.962731
2533.44	31.337596
2623.92	32.843279
2714.4	34.499383
2804.88	36.329628
2895.36	38.362998
2985.84	40.635288
3076.32	43.191220
3166.8	46.087423
3257.28	49.396664
3347.76	53.214047
3438.24	57.666279
3528.72	62.925989
3619.2	69.234582
3709.68	76.940245
3800.16	86.564259
3890.64	98.923635
3981.12	115.374999
4071.6	138.346615
4162.08	172.650785
4252.56	229.328750
4343.04	340.262888
4433.52	643.994756
4524	0.000000
Torque_226.2Hz_779.423V
0	12.925971
92.04	13.195946
184.08	13.477167
276.12	13.770351
368.16	14.076278
460.2	14.395798
552.24	14.729837
644.28	15.079408
736.32	15.445619
828.36	15.829688
920.4	16.232953
1012.44	16.656892
1104.48	17.103134
1196.52	17.573487
1288.56	18.069961
1380.6	18.594792
1472.64	19.150482
1564.68	19.739834
1656.72	20.366003
1748.76	21.032550
1840.8	21.743509
1932.84	22.503472
2024.88	23.317686
2116.92	24.192175
2208.96	25.133889
2301	26.150888
2393.04	27.252574
2485.08	28.449984
2577.12	29.756159
2669.16	31.186620
2761.2	32.759991
2853.24	34.498807
2945.28	36.430608
3037.32	38.589401
3129.36	41.017679
3221.4	43.769247
3313.44	46.913245
3405.48	50.540035
3497.52	54.770015
3589.56	59.767218
3681.6	65.761036
3773.64	73.082349
3865.68	82.226548
3957.72	93.970135
4049.76	109.602618
4141.8	131.432529
4233.84	164.036212
4325.88	217.919208
4417.92	323.454868
4509.96	613.246301
4602	0.000000
Torque_230.1Hz_779.423V
0	12.275414
93.6	12.532116
187.2	12.799512
280.8	13.078283
374.4	13.369171
468	13.672984
561.6	13.990602
655.2	14.322988
748.8	14.671197
842.4	15.036386
936	15.419828
1029.6	15.822926
1123.2	16.247232
1216.8	16.694465
1310.4	17.166534
1404	17.665567
1497.6	18.193941
1591.2	18.754324
1684.8	19.349715
1778.4	19.983498
1872	20.659512
1965.6	21.382121
2059.2	22.156317
2152.8	22.987825
2246.4	23.883254
2340	24.850270
2433.6	25.897813
2527.2	27.036376
2620.8	28.278362
2714.4	29.638529
2808	31.134585
2901.6	32.787961
2995.2	34.624845
3088.8	36.677574
3182.4	38.986558
3276	41.602961
3369.6	44.592533
3463.2	48.041207
3556.8	52.063479
3650.4	56.815350
3744	62.514982
3837.6	69.477072
3931.2	78.172809
4024.8	89.340813
4118.4	104.207817
4212	124.970341
4305.6	155.983873
4399.2	207.252090
4492.8	307.731639
4586.4	584.403064
4680	0.000000
Torque_234Hz_779.423V
67.3556	7891.491662
145.356	7891.491662
223.356	7891.491662
301.356	7891.491662
379.356	7891.491662
457.356	7891.491662
535.356	7891.491662
613.356	7891.491662
691.356	7891.491662
769.356	7891.491662
847.356	7891.491662
925.356	7891.491662
1003.36	7891.491662
1081.36	7891.491662
1159.36	7891.491662
1237.36	7891.491662
1315.36	7891.491662
1393.36	7891.491662
1471.36	7891.491662
1549.36	7891.259187
1626.52	7517.318680
1703.61	7176.859778
1780.56	6866.908054
1857.34	6582.858926
1933.84	6322.611521
2009.74	6083.763454
2082.07	5865.178821
2160.06	5456.720103
2238.05	5089.438942
2316.04	4757.970034
2394.03	4457.816213
2472.03	4185.152083
2550.02	3936.725488
2628.01	3709.742141
2706	3501.805448
2784	3310.843561
2861.99	3135.061561
2939.99	2972.888181
3017.98	2822.959673
3095.97	2684.071813
3173.97	2555.166226
3251.97	2435.309974
3329.96	2323.678029
3407.96	2219.529498
3485.95	2122.215536
3563.95	2031.150094
3641.94	1945.810564
3719.94	1865.722915
3797.94	1790.470359
3875.94	1719.669233
3953.93	1652.975055
4031.93	1590.077694
4109.93	1530.691930
4187.92	1474.564488
4265.92	1421.459782
4343.92	1371.165012
4421.92	1323.485759
4499.91	1278.243429
4577.91	1235.274638
4655.91	1194.430241
Output Torque
