518
39 604   -0.00547311 -0.0173764 1816.47
39 605   -0.00610519 -0.0171709 1811.58
39 606   -0.00672564 -0.0169326 1807.77
39 607   -0.00516239 -0.0139888 1843.8
39 609   -0.00403854 -0.00946278 1920.36
39 610   -0.00434118 -0.0093278 1921.59
39 611   0.00547311 -0.0173764 1816.51
39 612   0.00672564 -0.0169326 1807.64
39 613   0.00733278 -0.0166622 1804.94
39 614   0.00516239 -0.0139888 1843.75
39 616   0.00403854 -0.00946278 1920.36
39 617   0.00434118 -0.0093278 1921.58
39 618   0.00417781 -0.0151049 1835.43
39 619   0.00264556 -0.0146459 1831.43
39 620   0.00461217 -0.0167283 1827.53
39 774   -0.00425953 -0.0150897 1835.35
39 775   -0.00272728 -0.0146308 1831.8
39 803   0.00594852 -0.0172264 1812.81
39 804   0.00626186 -0.0171154 1810.19
39 1306   -0.0111683 -0.0142663 1800.15
39 1307   -0.0116848 -0.0138479 1800.16
39 1308   -0.0121786 -0.0134031 1800.38
39 1324   0.00225653 0.0100229 1914.25
39 1325   0.00193239 0.0100918 1914.26
39 1326   0.00160509 0.0101436 1914.08
39 1327   -0.00329164 0.00973222 1914.34
39 1328   -0.00297647 0.0098346 1914.34
39 1329   -0.00265637 0.00992035 1914.15
39 1330   0.00569789 0.00854899 1914.77
39 1331   0.00541994 0.00872944 1914.74
39 1332   0.00513294 0.00889509 1914.52
39 1333   -0.00656011 0.00790672 1915
39 1334   -0.00630255 0.00811522 1914.96
39 1335   -0.00603443 0.00830996 1914.73
39 1336   0.00838267 0.0059399 1915.76
39 1337   0.00818783 0.00620794 1915.69
39 1338   0.00797923 0.00646543 1915.42
39 1339   -0.00895753 0.00503133 1916.14
39 1340   -0.00879176 0.00531827 1916.05
39 1341   -0.00861121 0.00559615 1915.77
39 1342   0.00995438 0.00254207 1917.25
39 1343   0.00986851 0.00286214 1917.13
39 1344   0.00976601 0.00317727 1916.82
39 1345   -0.0101655 0.00148786 1917.78
39 1346   -0.0101136 0.00181514 1917.63
39 1347   -0.0100446 0.00213926 1917.31
39 1348   0.0102043 -0.0011933 1919.28
39 1349   0.0102388 -0.000863721 1919.1
39 1350   0.010256 -0.000532788 1918.74
39 1351   -0.0100237 -0.00225318 1919.97
39 1352   -0.0100925 -0.00192901 1919.77
39 1353   -0.0101442 -0.00160169 1919.4
39 1354   0.00909929 -0.00477023 1921.88
39 1355   0.00924959 -0.0044749 1921.63
39 1356   0.00938423 -0.0041721 1921.23
39 1357   0.00624444 -0.0113191 1882.54
39 1373   0.00176885 -0.0154132 1826.15
39 1377   0.00311791 -0.0183551 1849.91
39 1378   0.00344476 -0.0182945 1842.88
39 1379   0.00393142 -0.0181865 1833.81
39 1380   0.00371244 -0.0173663 1834.53
39 1381   0.00131626 -0.0166461 1831.08
39 1382   0.00208511 -0.0162277 1833.02
39 1383   0.00271763 -0.0167926 1839.94
39 1384   0.00226504 -0.0172274 1845.61
39 1385   0.00163252 -0.0171945 1842.72
39 1386   0.00131626 -0.0177101 1850.84
39 1387   0.00223382 -0.018668 1880.35
39 1388   0.002355 -0.0177273 1855.22
39 1389   0.00269973 -0.0181733 1856.98
39 1390   0.0025634 -0.0186246 1867.76
39 1391   0.0011657 -0.0186116 1913.78
39 1392   0.00190333 -0.0185698 1889
39 1393   0.00148196 -0.0180961 1874.07
39 1394   0.00188819 -0.0180804 1871.45
39 1396   0.0013314 -0.0188646 1919.74
39 1397   0.0016628 -0.0188385 1910.2
39 1400   -0.00185056 -0.015398 1826.49
39 1406   0.00261894 -0.00950827 1919.11
39 1407   0.00293403 -0.00940565 1921.01
39 1408   0.0035652 -0.0100098 1909.69
39 1409   0.00340094 -0.0108354 1885.28
39 1410   0.00244209 -0.0108848 1869.04
39 1411   0.00204449 -0.0105973 1867.16
39 1412   0.00156124 -0.0107063 1836.14
39 1413   -0.00261894 -0.00950827 1919.11
39 1414   -0.00293403 -0.00940565 1921.01
39 1415   -0.00340094 -0.0108354 1885.27
39 1416   -0.0035652 -0.0100098 1909.69
39 1417   -0.00244209 -0.0108848 1869.05
39 1418   -0.00156124 -0.0107063 1836.14
39 1419   -0.00204449 -0.0105973 1867.17
39 1424   -0.00200931 -0.0102279 1885.19
39 1425   -0.00177602 -0.00951961 1921.38
39 1426   -0.00210011 -0.00945048 1921.55
39 1427   -0.00225609 -0.00979255 1910.83
39 1428   -0.00166829 -0.0101108 1881.53
39 1429   -0.00159098 -0.00974455 1910.7
39 1430   -0.00138385 -0.0103636 1841.66
39 1431   -0.00114222 -0.0102186 1826.02
39 1433   -0.00114222 -0.00991935 1861.19
39 1436   -0.00138869 -0.00963733 1919.21
39 1437   -0.00122438 -0.00975884 1903.48
39 1438   -0.00108216 -0.00958598 1923.13
39 1439   -0.00116431 -0.00947534 1908.86
39 1440   -0.00132863 -0.00945359 1923.41
39 1441   0.00200931 -0.0102279 1885.19
39 1442   0.00210011 -0.00945048 1921.54
39 1443   0.00225609 -0.00979255 1910.82
39 1444   0.00166829 -0.0101108 1881.33
39 1445   0.00138385 -0.0103636 1841.73
39 1446   0.00114222 -0.0102186 1826.1
39 1448   0.00114222 -0.00991935 1861.1
39 1451   0.00108216 -0.00958598 1923.12
39 1452   0.00122438 -0.00975884 1903.17
39 1454   0.00132863 -0.00945359 1923.31
39 1455   0.00116431 -0.00947534 1909.51
39 1470   -0.00142528 -0.0166788 1832.55
39 1471   -0.00227584 -0.0162453 1833.99
39 1472   -0.00180362 -0.0173554 1847.46
39 1473   -0.00187544 -0.0185971 1890.89
39 1474   -0.0011657 -0.0187447 1921.27
39 1476   -0.00137834 -0.0178382 1856.96
39 1477   -0.00154404 -0.0183572 1888.78
39 1739   -0.00286627 0.0122977 1917.52
39 1740   -0.00111435 0.0102103 1914.05
39 1741   -0.00144392 0.0101757 1914.26
39 1742   -0.00177122 0.0101239 1914.26
39 1743   -0.00245471 0.0107602 1923.34
39 1813   -0.00860137 -0.00562927 1922.7
39 1814   -0.0107262 -0.00753154 1897.04
39 1815   -0.0087817 -0.00535126 1922.48
39 1816   -0.00894725 -0.00506419 1922.12
39 1850   -0.00311333 -0.0167766 1838.17
39 1851   -0.00413639 -0.0181529 1830.55
39 1852   -0.00264111 -0.0173547 1846.1
39 1853   -0.0042203 -0.0163882 1831.73
39 1854   -0.0046808 -0.017146 1826.16
39 1855   -0.00323462 -0.0185531 1849.28
39 1856   -0.00296506 -0.0178024 1848.23
39 1857   -0.00357455 -0.0180596 1838.93
39 1858   -0.00356148 -0.0184925 1841.52
39 1859   -0.0022294 -0.0183816 1873.84
39 1860   -0.00292988 -0.0184245 1854.65
39 1861   -0.00264724 -0.0181066 1857.68
39 1863   -0.00267683 -0.0186778 1865.1
39 1864   -0.00234725 -0.0187212 1878.63
39 1902   -0.00607632 -0.0113242 1883.2
39 1939   -0.00020873 0.0182227 1819.36
39 1940   0.000455903 0.0182227 1819.39
39 1941   -0.000872452 0.0181879 1819.52
39 1942   0.00111962 0.0181879 1819.34
39 1962   0.00487641 0.0175532 1819.25
39 1963   0.00423442 0.0177253 1819.31
39 1964   0.00358431 0.0178634 1819.31
39 1965   0.0019739 0.0156332 1865.59
39 1966   0.00292786 0.0179674 1819.5
39 1967   0.00205813 0.0172269 1835.1
39 1968   -0.0066844 0.0169474 1819.03
39 1969   -0.00606391 0.0171856 1819.14
39 1970   -0.0054318 0.0173909 1819.21
39 1981   0.0108427 0.01464 1818.13
39 1982   0.010305 0.0150307 1818.3
39 1983   0.00974758 0.0153927 1818.42
39 1984   -0.0123135 0.0134265 1817.64
39 1985   -0.0118196 0.0138713 1817.83
39 1986   -0.0113031 0.0142895 1817.98
39 1992   0.0153688 0.00978231 1816.04
39 1993   0.0150068 0.0103397 1816.31
39 1994   0.0146161 0.0108774 1816.53
39 1995   -0.0163071 0.00812234 1815.25
39 1996   -0.0160054 0.00871451 1815.55
39 1997   -0.015673 0.00929009 1815.8
39 2009   0.0178536 0.00362526 1812.82
39 2010   0.0177154 0.00427536 1813.21
39 2011   0.0175433 0.00491733 1813.54
39 2012   -0.011384 -0.00911005 1867.88
39 2013   -0.0106217 -0.0110731 1850.35
39 2014   -0.0141125 -0.011352 1801.87
39 2015   -0.0136943 -0.0118686 1801.51
39 2016   -0.0145031 -0.0108143 1802.6
39 2017   -0.0135662 -0.00931449 1833.91
39 2018   -0.0119686 -0.0123092 1816.91
39 2019   -0.0132497 -0.0123625 1801.19
39 2020   -0.0181348 0.0017393 1811.66
39 2021   -0.0180652 0.00240028 1812.09
39 2022   -0.0179612 0.00305673 1812.46
39 2031   0.017967 -0.00301331 1808.28
39 2032   0.018071 -0.00235685 1808.8
39 2033   0.0181404 -0.00169585 1809.27
39 2047   -0.0175537 -0.00487476 1806.73
39 2048   -0.0177256 -0.00423276 1807.3
39 2049   -0.0178638 -0.00358264 1807.8
39 2063   0.015694 -0.00925164 1802.55
39 2064   0.0160263 -0.00867601 1803.14
39 2065   0.0163279 -0.00808379 1803.7
39 2209   0.00231507 -0.0134837 1830.82
39 2210   0.0023972 -0.0116743 1847.74
39 2211   0.00175797 -0.0118403 1826.17
39 2214   0.00143836 -0.0125218 1815.18
39 2215   0.00143836 -0.0133198 1817.78
39 2232   -0.00231507 -0.0134837 1830.85
39 2233   -0.0023972 -0.0116743 1847.75
39 2234   -0.00175797 -0.0118403 1826.17
39 2237   -0.00143836 -0.0133198 1817.79
39 2238   -0.00143836 -0.0125218 1815.19
39 2252   0.0118903 -0.00604488 1896.26
39 2253   0.0132249 -0.00691216 1866.02
39 2254   0.0132668 -0.00138291 1901.23
39 2255   0.0148236 -0.00171422 1872.04
39 2256   0.012241 -0.00236171 1913.77
39 2257   0.00980166 -0.00285619 1919.83
39 2258   0.00988729 -0.00253607 1919.52
39 2259   0.0116752 -0.00459368 1910.67
39 2260   0.012725 -0.00377302 1900.13
39 2261   0.00969941 -0.0031714 1919.98
39 2262   0.0102211 -0.00394629 1924.71
39 2263   0.0107853 -0.00192437 1924.69
39 2264   0.00995605 -0.0022119 1919.03
39 2265   0.00276456 0.0130489 1908.12
39 2266   0.00325648 0.0145627 1881.36
39 2267   0.00363085 0.0119262 1919.22
39 2268   0.00355867 0.00956689 1913.44
39 2269   0.00386805 0.00944816 1913.52
39 2270   0.00579126 0.0111298 1918.1
39 2271   0.00508478 0.0122599 1908.8
39 2272   0.00304408 0.0105241 1922.89
39 2273   0.0032435 0.00966927 1913.12
39 2274   0.00417079 0.00931341 1913.44
39 2275   0.00499573 0.00975117 1922.99
39 2276   -0.00411323 0.0126885 1908.01
39 2277   -0.00476071 0.0141426 1881.27
39 2278   -0.00485741 0.0114814 1919.12
39 2279   -0.00453898 0.0091426 1913.59
39 2280   -0.00483426 0.00899219 1913.69
39 2281   -0.00633828 0.0116613 1908.61
39 2282   -0.00692276 0.0104636 1917.94
39 2283   -0.00423624 0.00927736 1913.26
39 2284   -0.00412728 0.0101484 1922.95
39 2285   -0.00512126 0.00882654 1913.62
39 2286   -0.00598746 0.00917568 1923.08
39 2287   0.0128813 0.00346271 1904.34
39 2288   0.0144534 0.00371139 1876.13
39 2289   0.0122744 0.00218126 1916.29
39 2290   0.0101743 0.000845318 1917.38
39 2291   0.0101395 0.00117487 1917.14
39 2292   0.013232 0.00103718 1903.97
39 2293   0.012546 -0.000105213 1914.09
39 2294   0.0101917 0.000514398 1917.45
39 2295   0.0109564 -2.20166e-005 1924.49
39 2296   0.0100876 0.00150215 1916.7
39 2297   0.0107587 0.0020678 1924.22
39 2298   -0.0131727 0.00209745 1903.59
39 2299   -0.0147622 0.00218042 1875.12
39 2300   -0.0124351 0.000886479 1915.69
39 2301   -0.0102069 -0.000222584 1918.01
39 2302   -0.0102068 0.000108796 1917.76
39 2303   -0.0124663 -0.00141586 1913.29
39 2304   -0.0132679 -0.000351439 1903.05
39 2305   -0.0101897 -0.000553518 1918.11
39 2306   -0.0108941 -0.00116694 1924.61
39 2307   -0.0109159 0.000932098 1924.38
39 2308   -0.0101893 0.000439716 1917.3
39 2309   -0.0115464 0.00667825 1905.85
39 2310   -0.0130006 0.00732541 1878.2
39 2311   -0.0112918 0.00528334 1917.46
39 2312   -0.00949014 0.0037586 1915.82
39 2313   -0.00960899 0.00344927 1916.02
39 2314   -0.0121458 0.00314504 1915.64
39 2315   -0.0125128 0.00442609 1905.82
39 2316   -0.00985712 0.0047814 1923.8
39 2317   -0.00935527 0.0040613 1915.41
39 2318   -0.0105889 0.00281394 1924.09
39 2319   -0.00971149 0.00313414 1916.05
39 2320   0.0107852 0.00784845 1906.33
39 2321   0.0121637 0.00864408 1878.86
39 2322   0.0106778 0.00643454 1917.82
39 2323   0.00904538 0.0047298 1915.37
39 2324   0.0091959 0.00443458 1915.56
39 2325   0.0119817 0.00570962 1906.41
39 2326   0.0117506 0.00439721 1916.13
39 2327   0.00887961 0.00501674 1914.98
39 2328   0.00930344 0.00578536 1923.64
39 2329   0.0102369 0.00390517 1923.92
39 2330   0.00933077 0.00413188 1915.57
39 2331   0.00725674 0.0111919 1907.53
39 2332   0.00825852 0.0124287 1880.55
39 2333   0.00766313 0.0098333 1918.75
39 2334   0.00675017 0.00765669 1914.15
39 2335   0.00699648 0.00743499 1914.28
39 2336   0.00939473 0.00831566 1917.38
39 2337   0.00914015 0.00962379 1907.94
39 2338   0.00661281 0.00873469 1923.17
39 2339   0.00649261 0.00786519 1913.8
39 2340   0.00815793 0.00731377 1923.38
39 2341   0.00723084 0.00720072 1914.25
39 2342   -0.00838671 0.0103721 1907.26
39 2343   -0.00951232 0.0114975 1880.16
39 2344   -0.00864888 0.00897855 1918.53
39 2345   -0.00773517 0.00666311 1914.59
39 2346   -0.00751338 0.00690933 1914.45
39 2347   -0.0102124 0.00728825 1917.09
39 2348   -0.0100959 0.0086158 1907.58
39 2349   -0.00794377 0.00640562 1914.57
39 2350   -0.00887762 0.00642115 1923.52
39 2351   -0.00748945 0.00799576 1923.29
39 2352   -0.00727902 0.0071436 1914.08
39 2353   -0.0130496 -0.00276191 1900.05
39 2354   -0.0145632 -0.00325416 1870.56
39 2373   -0.00131962 -0.0113593 1810.64
39 2374   -0.00131962 -0.0109603 1812.58
39 2375   0.00131962 -0.0109603 1812.58
39 2376   0.00131962 -0.0113593 1810.64
39 2424   0.00778754 -0.00672642 1923.72
39 2425   0.0103964 -0.00837247 1891.67
39 2426   0.00899685 -0.00928965 1895.64
39 2427   0.00756594 -0.00697281 1923.99
39 2428   0.00733175 -0.00720727 1924.12
39 2534   -0.00193267 0.013212 1908
39 2535   0.000457927 0.0149311 1881.23
39 2536   -0.000782302 0.0124596 1919.15
39 2537   0.000246274 0.0102116 1913.31
39 2538   -0.000702844 0.0109437 1922.89
39 2539   -8.51061e-005 0.0102116 1913.24
39 2540   0.00143898 0.0124707 1918.35
39 2541   0.000414925 0.0132823 1908.88
39 2542   0.00119042 0.0108986 1922.86
39 2543   0.000577201 0.0101943 1913.21
39 2552   0.00711236 0.0167936 1818.69
39 2553   0.00771954 0.0165233 1818.59
39 2554   0.00589319 0.0137254 1880.82
39 2555   0.00493118 0.0149055 1866.45
39 2556   0.00548717 0.0164839 1834.47
39 2557   0.00649187 0.0170318 1818.82
39 2558   0.00760146 0.0138322 1864.42
39 2559   0.00831174 0.0162216 1818.52
39 2560   0.00854347 0.0151313 1833.84
39 2561   -0.00882872 0.0159582 1818.37
39 2562   -0.00940431 0.0156259 1818.25
39 2563   -0.00823652 0.01626 1818.53
39 2564   -0.00718003 0.0158201 1834.2
39 2565   -0.00646208 0.0143085 1866.21
39 2566   -0.00729547 0.0130343 1880.55
39 2567   -0.00900556 0.012962 1864.05
39 2568   -0.00996173 0.015264 1818.14
39 2569   -0.0100782 0.0141554 1833.44
39 2570   0.012658 0.0131296 1817.24
39 2571   0.013128 0.0126597 1817.04
39 2572   0.0110297 0.0134229 1833.22
39 2573   0.012164 0.0135743 1817.46
39 2574   0.00994491 0.0121486 1865.3
39 2575   0.0104201 0.0107023 1879.56
39 2576   0.0120533 0.0101898 1862.81
39 2577   0.0133983 0.0110649 1832.09
39 2578   0.0135727 0.0121658 1816.87
39 2579   -0.013961 0.0117347 1816.65
39 2580   -0.0143793 0.0112182 1816.42
39 2581   -0.0135162 0.0122286 1816.9
39 2582   -0.0123722 0.0121965 1832.69
39 2583   -0.0114817 0.00955456 1879.04
39 2584   -0.0111602 0.0110427 1864.8
39 2585   -0.0130523 0.00887417 1862.16
39 2586   -0.01477 0.0106805 1816.22
39 2587   -0.0144814 0.00960389 1831.4
39 2592   0.00916533 -0.0109553 1868.27
39 2593   0.00777213 -0.0119869 1863.48
39 2594   0.0108694 -0.0143541 1802
39 2595   0.0103317 -0.0147449 1802.23
39 2596   0.0113859 -0.0139358 1802
39 2597   0.00977438 -0.0151069 1802.68
39 2598   0.00919883 -0.0154393 1803.56
39 2599   0.00788868 -0.0151445 1818.03
39 2600   0.00709183 -0.0137618 1840.77
39 2601   0.0165223 0.00772172 1814.76
39 2602   0.0167927 0.00711457 1814.46
39 2603   0.0135632 0.00625769 1877.37
39 2604   0.0136378 0.00777824 1863.2
39 2605   0.0151072 0.00857903 1830.98
39 2606   0.0162206 0.0083139 1815.09
39 2607   0.0149042 0.00519396 1860.15
39 2608   0.0164736 0.00552887 1829.26
39 2609   0.0170309 0.00649409 1814.18
39 2610   -0.0172389 0.00595248 1813.84
39 2611   -0.0174443 0.00532039 1813.51
39 2612   -0.0143761 0.00631023 1862.4
39 2613   -0.0141429 0.00480583 1876.54
39 2614   -0.0159211 0.00695301 1830.14
39 2615   -0.0170007 0.00657295 1814.21
39 2616   -0.0153655 0.00360774 1859.17
39 2617   -0.0169612 0.00377675 1828.23
39 2618   -0.0176164 0.00467841 1813.19
39 2623   -0.00334503 0.0179365 1818.97
39 2624   -0.00392755 0.0153065 1864.72
39 2625   -0.00268858 0.0180405 1818.96
39 2626   -0.00157168 0.0173 1834.75
39 2627   -0.00115311 0.0156631 1866.57
39 2628   -0.00234648 0.0147667 1880.88
39 2629   -0.00399514 0.0177983 1818.93
39 2630   -0.00450119 0.0168051 1834.16
39 2631   0.0181921 0.00128817 1811.09
39 2632   0.018227 0.000624455 1810.66
39 2633   0.0149048 0.00098201 1874.01
39 2634   0.0155194 0.00237477 1859.95
39 2635   0.0171782 0.00259571 1827.56
39 2636   0.0181226 0.00194916 1811.54
39 2637   0.0157757 -0.000491696 1856.18
39 2638   0.018227 -4.01777e-005 1810.24
39 2639   0.0173608 -0.000741517 1825.13
39 2640   -0.0182271 -0.000620363 1809.8
39 2641   -0.0181924 -0.00128409 1809.33
39 2642   -0.0173554 0.000786004 1826.34
39 2643   -0.0182271 4.42695e-005 1810.29
39 2644   -0.0156826 0.00073969 1858.77
39 2645   -0.0149259 -0.000581191 1872.78
39 2646   -0.0156379 -0.00213786 1854.77
39 2647   -0.018123 -0.00194509 1808.88
39 2648   -0.0171882 -0.00255203 1823.69
39 2654   0.0174456 -0.00531648 1806.06
39 2655   0.0172402 -0.0059486 1805.51
39 2656   0.014267 -0.00442411 1869.03
39 2657   0.0153398 -0.00334411 1855.2
39 2658   0.0176175 -0.00467448 1806.64
39 2659   0.0169675 -0.00373238 1822.73
39 2660   0.0145518 -0.00611205 1850.53
39 2661   0.0170021 -0.00656911 1804.97
39 2662   0.0159421 -0.00691341 1819.54
39 2664   0.00629379 -0.0100863 1904.19
39 2665   0.00572535 -0.0082574 1925.2
39 2666   0.00544754 -0.00843806 1925.35
39 2667   0.00599332 -0.00806246 1924.89
39 2668   0.00518738 -0.00947769 1917.91
39 2669   0.00516066 -0.00860393 1925.34
39 2670   0.007653 -0.00908843 1910.58
39 2671   0.00722741 -0.00801132 1923.6
39 2672   0.00625073 -0.00785376 1924.38
39 2673   -0.0167943 -0.00711081 1804.32
39 2674   -0.0165241 -0.00771801 1803.63
39 2675   -0.0137264 -0.00589103 1867.08
39 2676   -0.0149062 -0.00492909 1853.58
39 2677   -0.0170324 -0.0064903 1804.98
39 2678   -0.0164845 -0.00548541 1821.11
39 2679   -0.0162224 -0.00831023 1802.9
39 2680   -0.0158901 -0.00888586 1802.56
39 2681   -0.0145912 -0.00794354 1833.2
39 2700   0.0143818 -0.011215 1800.24
39 2701   0.0139636 -0.0117315 1799.71
39 2702   0.0131228 -0.00861885 1848.58
39 2703   0.0117343 -0.00924265 1861.66
39 2704   0.0145032 -0.00956473 1816.6
39 2705   0.0147724 -0.0106772 1800.81
39 2706   0.013519 -0.0122255 1799.2
39 2707   0.0109283 -0.0110136 1847.19
39 2708   0.0116979 -0.0124889 1817.44
39 2709   0.013049 -0.0126955 1799.09
39 2780   0.00510948 -0.0119525 1872.69
39 2781   0.00470773 -0.0128473 1856.66
39 2782   0.00399528 -0.0114589 1877.35
39 2783   0.00339266 -0.0128011 1848.41
39 2784   0.00315518 -0.0120723 1855.55
39 2790   -0.00470773 -0.0128473 1856.74
39 2791   -0.00510948 -0.0119525 1872.72
39 2792   -0.00399528 -0.0114589 1877.33
39 2793   -0.00315518 -0.0120723 1855.55
39 2794   -0.00339266 -0.0128011 1848.43
39 2800   -0.0119523 -0.00359523 1912.6
39 2801   -0.00947471 -0.003832 1920.73
39 2802   -0.00959332 -0.00352257 1920.43
39 2803   -0.0122862 -0.00504942 1898.57
39 2804   -0.0112068 -0.00569008 1909.1
39 2805   -0.00934008 -0.0041348 1920.87
39 2806   -0.00982835 -0.00489422 1924.58
39 2807   -0.00969558 -0.00320737 1919.96
39 2808   -0.0105503 -0.0030081 1924.72
39 2816   0.00183608 -0.00960359 1918.1
39 2817   0.00165104 -0.00982853 1904.6
39 2818   0.00147085 -0.0095267 1924.72
39 2819   0.00144876 -0.00972132 1912.31
39 2822   0.00179743 -0.00942046 1923.99
39 2823   0.00163448 -0.00945078 1924.58
39 2964   -0.00734404 -0.00704099 1923.85
39 2965   -0.00927464 -0.00798496 1909.28
39 2966   -0.00710985 -0.00727545 1924.16
39 2967   -0.00756564 -0.00679461 1923.4
39 2968   -0.00827061 -0.00937324 1901.6
39 2969   -0.00869378 -0.00659148 1924.24
39 2970   -0.00777404 -0.00653696 1922.74
39 2971   -0.00686372 -0.00749733 1924.33
39 3021   -0.00869059 -0.0160431 1800.59
39 3022   -0.00658359 -0.0143657 1835.95
39 3023   -0.00926614 -0.0157107 1799.43
39 3024   -0.00824846 -0.0162734 1801.23
39 3025   -0.00708042 -0.0158915 1815.32
39 3026   -0.00794843 -0.0164165 1803.27
39 3143   -0.00722712 -0.011944 1867.83
39 3144   -0.0074806 -0.0133965 1843.89
39 3145   -0.00828409 -0.0109227 1877.19
39 3146   -0.00934474 -0.0116835 1855.31
39 3147   -0.00842867 -0.0136627 1833.49
39 3148   -0.00923584 -0.012971 1836.59
39 3149   -0.00912524 -0.0147529 1812.71
39 3150   -0.0100901 -0.015097 1799.85
39 3151   -0.0103641 -0.0149087 1799.68
39 3152   -0.0102063 -0.0138728 1814.67
39 3234   0.0101689 -0.00731401 1907.14
39 3235   0.0107317 -0.00644875 1908.81
39 3236   0.008472 -0.00576795 1922.69
39 3237   0.00865233 -0.00548993 1922.32
39 3238   0.00952948 -0.0055187 1924.34
39 3239   0.00827736 -0.00603614 1922.91
39 3240   0.00868548 -0.00679352 1923.68
39 3252   -0.00529285 -0.00848397 1925.42
39 3253   -0.00597098 -0.0101373 1904.91
39 3254   -0.00557066 -0.00830331 1925.18
39 3255   -0.00500597 -0.00864984 1925.46
39 3256   -0.00503269 -0.00952361 1917.83
39 3257   -0.00583863 -0.00810837 1924.73
39 3258   -0.00710829 -0.00920767 1912.84
39 3259   -0.00672485 -0.00823313 1924.18
end
