Torque Curves with Flux-Weakening Control
Speed (rpm)
Torque (N.m)
0	41.282732
1.56	42.125539
3.12	43.003178
4.68	43.917853
6.24	44.871956
7.8	45.868090
9.36	46.909091
10.92	47.998057
12.48	49.138376
14.04	50.333765
15.6	51.588304
17.16	52.906491
18.72	54.293286
20.28	55.754180
21.84	57.295264
23.4	58.923316
24.96	60.645895
26.52	62.471464
28.08	64.409523
29.64	66.470773
31.2	68.667318
32.76	71.012891
34.32	73.523148
35.88	76.216009
37.44	79.112079
39	82.235178
40.56	85.612980
42.12	89.277829
43.68	93.267758
45.24	97.627794
46.8	102.411626
48.36	107.683786
49.92	113.522504
51.48	120.023512
53.04	127.305174
54.6	135.515514
56.16	144.841980
57.72	155.525273
59.28	167.879288
60.84	182.320451
62.4	199.411835
63.96	219.930906
65.52	244.975606
67.08	276.132347
68.64	315.738412
70.2	367.252212
71.76	435.521489
73.32	525.213099
74.88	625.597445
76.44	610.133987
78	0.000000
Torque_3.9Hz_338.979V
0	21.911133
3.12	22.361968
6.24	22.831474
9.36	23.320835
12.48	23.831338
15.6	24.364383
18.72	24.921495
21.84	25.504343
24.96	26.114751
28.08	26.754720
31.2	27.426450
34.32	28.132366
37.44	28.875143
40.56	29.657745
43.68	30.483462
46.8	31.355956
49.92	32.279315
53.04	33.258120
56.16	34.297515
59.28	35.403303
62.4	36.582051
65.52	37.841222
68.64	39.189330
71.76	40.636135
74.88	42.192878
78	43.872574
81.12	45.690371
84.24	47.664013
87.36	49.814414
90.48	52.166401
93.6	54.749670
96.72	57.600043
99.84	60.761128
102.96	64.286550
106.08	68.242998
109.2	72.714449
112.32	77.808135
115.44	83.663170
118.56	90.463280
121.68	98.456155
124.8	107.983730
127.92	119.531321
131.04	133.810684
134.16	151.907371
137.28	175.557415
140.4	207.702477
143.52	253.688654
146.64	324.017310
149.76	439.982180
152.88	614.808291
156	0.000000
Torque_7.8Hz_350.345V
0	15.686115
4.68	16.010711
9.36	16.348756
14.04	16.701102
18.72	17.068677
23.4	17.452490
28.08	17.853641
32.76	18.273331
37.44	18.712876
42.12	19.173719
46.8	19.657446
51.48	20.165804
56.16	20.700724
60.84	21.264343
65.52	21.859034
70.2	22.487438
74.88	23.152506
79.56	23.857541
84.24	24.606257
88.92	25.402841
93.6	26.252036
98.28	27.159228
102.96	28.130569
107.64	29.173107
112.32	30.294967
117	31.505554
121.68	32.815824
126.36	34.238610
131.04	35.789048
135.72	37.485113
140.4	39.348319
145.08	41.404634
149.76	43.685694
154.44	46.230438
159.12	49.087342
163.8	52.317525
168.48	55.999149
173.16	60.233801
177.84	65.155952
182.52	70.947410
187.2	77.860082
191.88	86.253235
196.56	96.657211
201.24	109.888299
205.92	127.269541
210.6	151.090234
215.28	185.662291
219.96	240.072348
224.64	336.407558
229.32	529.532754
234	0.000000
Torque_11.7Hz_364.146V
0	12.751120
6.24	13.016169
12.48	13.292200
18.72	13.579911
24.96	13.880059
31.2	14.193468
37.44	14.521036
43.68	14.863747
49.92	15.222673
56.16	15.598994
62.4	15.994006
68.64	16.409135
74.88	16.845961
81.12	17.306227
87.36	17.791874
93.6	18.305060
99.84	18.848195
106.08	19.423978
112.32	20.035446
118.56	20.686021
124.8	21.379577
131.04	22.120518
137.28	22.913873
143.52	23.765404
149.76	24.681754
156	25.670613
162.24	26.740940
168.48	27.903232
174.72	29.169871
180.96	30.555562
187.2	32.077913
193.44	33.758177
199.68	35.622257
205.92	37.702044
212.16	40.037255
218.4	42.677985
224.64	45.688337
230.88	49.151673
237.12	53.178434
243.36	57.918081
249.6	63.577973
255.84	70.454337
262.08	78.985445
268.32	89.848007
274.56	104.143895
280.8	123.793344
287.04	152.456805
293.28	198.027237
299.52	280.777589
305.76	464.340575
312	0.000000
Torque_15.6Hz_380.117V
0	11.131465
7.8	11.363647
15.6	11.605450
23.4	11.857485
31.2	12.120416
39	12.394965
46.8	12.681919
54.6	12.982138
62.4	13.296563
70.2	13.626228
78	13.972269
85.8	14.335935
93.6	14.718609
101.4	15.121820
109.2	15.547269
117	15.996845
124.8	16.472662
132.6	16.977085
140.4	17.512775
148.2	18.082730
156	18.690346
163.8	19.339484
171.6	20.034550
179.4	20.780595
187.2	21.583441
195	22.449830
202.8	23.387616
210.6	24.406001
218.4	25.515841
226.2	26.730030
234	28.064008
241.8	29.536414
249.6	31.169969
257.4	32.992649
265.2	35.039300
273	37.353886
280.8	39.992675
288.6	43.028865
296.4	46.559464
304.2	50.715820
312	55.680266
319.8	61.713484
327.6	69.201560
335.4	78.741498
343.2	91.307459
351	108.602692
358.8	133.891913
366.6	174.288477
374.4	248.516115
382.2	421.223828
390	0.000000
Torque_19.5Hz_397.997V
0	10.168447
9.36	10.381086
18.72	10.602537
28.08	10.833359
37.44	11.074160
46.8	11.325602
56.16	11.588405
65.52	11.863357
74.88	12.151322
84.24	12.453244
93.6	12.770163
102.96	13.103227
112.32	13.453700
121.68	13.822983
131.04	14.212634
140.4	14.624384
149.76	15.060169
159.12	15.522155
168.48	16.012780
177.84	16.534790
187.2	17.091298
196.56	17.685838
205.92	18.322448
215.28	19.005755
224.64	19.741093
234	20.534640
243.36	21.393589
252.72	22.326375
262.08	23.342942
271.44	24.455107
280.8	25.677018
290.16	27.025757
299.52	28.522148
308.88	30.191831
318.24	32.066750
327.6	34.187210
336.96	36.604801
346.32	39.386650
355.68	42.621736
365.04	46.430566
374.4	50.980482
383.76	56.510833
393.12	63.376317
402.48	72.125840
411.84	83.656126
421.2	99.537844
430.56	122.790600
439.92	160.030879
449.28	228.904637
458.64	393.428226
468	0.000000
Torque_23.4Hz_417.541V
0	9.579556
10.92	9.780244
21.84	9.989250
32.76	10.207100
43.68	10.434369
54.6	10.671681
65.52	10.919716
76.44	11.179218
87.36	11.451002
98.28	11.735959
109.2	12.035072
120.12	12.349422
131.04	12.680204
141.96	13.028741
152.88	13.396501
163.8	13.785121
174.72	14.196426
185.64	14.632463
196.56	15.095531
207.48	15.588223
218.4	16.113477
229.32	16.674631
240.24	17.275494
251.16	17.920437
262.08	18.614494
273	19.363496
283.92	20.174236
294.84	21.054675
305.76	22.014203
316.68	23.063976
327.6	24.217353
338.52	25.490462
349.44	26.902966
360.36	28.479078
371.28	30.248964
382.2	32.250688
393.12	34.532978
404.04	37.159243
414.96	40.213544
425.88	43.809744
436.8	48.105995
447.72	53.328558
458.64	59.812859
469.56	68.078235
480.48	78.973711
491.4	93.988043
502.32	115.988580
513.24	151.279719
524.16	216.808499
535.08	375.881251
546	0.000000
Torque_27.3Hz_438.526V
0	9.223384
12.48	9.416845
24.96	9.618324
37.44	9.828330
49.92	10.047416
62.4	10.276182
74.88	10.515287
87.36	10.765446
99.84	11.027444
112.32	11.302143
124.8	11.590487
137.28	11.893521
149.76	12.212396
162.24	12.548387
174.72	12.902911
187.2	13.277544
199.68	13.674046
212.16	14.094391
224.64	14.540796
237.12	15.015761
249.6	15.522117
262.08	16.063084
274.56	16.642333
287.04	17.264079
299.52	17.933175
312	18.655244
324.48	19.436836
336.96	20.285626
349.44	21.210669
361.92	22.222722
374.4	23.334665
386.88	24.562052
399.36	25.923844
411.84	27.443391
424.32	29.149784
436.8	31.079735
449.28	33.280244
461.76	35.812470
474.24	38.757506
486.72	42.225204
499.2	46.368162
511.68	51.404743
524.16	57.658734
536.64	65.631623
549.12	76.143647
561.6	90.634135
574.08	111.878595
586.56	145.993264
599.04	209.504653
611.52	365.325869
624	0.000000
Torque_31.2Hz_460.756V
0	9.021249
14.04	9.210610
28.08	9.407819
42.12	9.613374
56.16	9.827817
70.2	10.051736
84.24	10.285774
98.28	10.530633
112.32	10.787080
126.36	11.055959
140.4	11.338195
154.44	11.634810
168.48	11.946930
182.52	12.275805
196.56	12.622820
210.6	12.989520
224.64	13.377626
238.68	13.789072
252.72	14.226026
266.76	14.690936
280.8	15.186575
294.84	15.716093
308.88	16.283086
322.92	16.891678
336.96	17.546621
351	18.253419
365.04	19.018485
379.08	19.849333
393.12	20.754826
407.16	21.745496
421.2	22.833955
435.24	24.035429
449.28	25.368483
463.32	26.855979
477.36	28.526401
491.4	30.415697
505.44	32.569888
519.48	35.048869
533.52	37.932053
547.56	41.327032
561.6	45.383279
575.64	50.314708
589.68	56.438573
603.72	64.246355
617.76	74.542203
631.8	88.737948
645.84	109.558410
659.88	143.017653
673.92	205.424851
687.96	359.679129
702	0.000000
Torque_35.1Hz_484.059V
0	8.925838
15.6	9.113266
31.2	9.308462
46.8	9.511918
62.4	9.724172
78	9.945805
93.6	10.177454
109.2	10.419814
124.8	10.673644
140.4	10.939779
156	11.219136
171.6	11.512724
187.2	11.821661
202.8	12.147182
218.4	12.490659
234	12.853619
249.6	13.237770
265.2	13.645022
280.8	14.077523
296.4	14.537698
312	15.028289
327.6	15.552415
343.2	16.113636
358.8	16.716034
374.4	17.364314
390	18.063924
405.6	18.821212
421.2	19.643617
436.8	20.539914
452.4	21.520528
468	22.597944
483.6	23.787238
499.2	25.106788
514.8	26.579229
530.4	28.232763
546	30.102980
561.6	32.235449
577.2	34.689476
592.8	37.543699
608.4	40.904665
624	44.920407
639.6	49.802803
655.2	55.866125
670.8	63.597329
686.4	73.793363
702	87.853972
717.6	108.482379
733.2	141.652009
748.8	203.604814
764.4	357.574292
780	0.000000
Torque_39Hz_508.287V
0	8.906955
17.16	9.094003
34.32	9.288803
51.48	9.491847
68.64	9.703671
85.8	9.924856
102.96	10.156036
120.12	10.397906
137.28	10.651223
154.44	10.916820
171.6	11.195613
188.76	11.488610
205.92	11.796924
223.08	12.121789
240.24	12.464574
257.4	12.826804
274.56	13.210183
291.72	13.616617
308.88	14.048251
326.04	14.507503
343.2	14.997112
360.36	15.520190
377.52	16.080290
394.68	16.681487
411.84	17.328477
429	18.026697
446.16	18.782482
463.32	19.603259
480.48	20.497786
497.64	21.476468
514.8	22.551768
531.96	23.738733
549.12	25.055709
566.28	26.525290
583.44	28.175628
600.6	30.042251
617.76	32.170650
634.92	34.620030
652.08	37.468902
669.24	40.823643
686.4	44.832062
703.56	49.705733
720.72	55.758511
737.88	63.476779
755.04	73.656715
772.2	87.697144
789.36	108.300875
806.52	141.445884
823.68	203.419597
840.84	358.086167
858	0.000000
Torque_42.9Hz_533.315V
0	8.944389
18.72	9.132200
37.44	9.327796
56.16	9.531669
74.88	9.744358
93.6	9.966446
112.32	10.198572
131.04	10.441430
149.76	10.695783
168.48	10.962466
187.2	11.242399
205.92	11.536595
224.64	11.846171
243.36	12.172366
262.08	12.516555
280.8	12.880270
299.52	13.265220
318.24	13.673321
336.96	14.106726
355.68	14.567864
374.4	15.059483
393.12	15.584711
411.84	16.147115
430.56	16.750786
449.28	17.400440
468	18.101538
486.72	18.860442
505.44	19.684608
524.16	20.582831
542.88	21.565564
561.6	22.645320
580.32	23.837211
599.04	25.159662
617.76	26.635363
636.48	28.292588
655.2	30.167021
673.92	32.304350
692.64	34.764043
711.36	37.624957
730.08	40.993948
748.8	45.019498
767.52	49.914156
786.24	55.993258
804.96	63.745538
823.68	73.971167
842.4	88.076345
861.12	108.779256
879.84	142.096324
898.56	204.446358
917.28	360.569196
936	0.000000
Torque_46.8Hz_559.035V
0	9.024081
20.28	9.213514
40.56	9.410798
60.84	9.616432
81.12	9.830958
101.4	10.054965
121.68	10.289095
141.96	10.534052
162.24	10.790602
182.52	11.059591
202.8	11.341944
223.08	11.638682
243.36	11.950935
263.64	12.279951
283.92	12.627117
304.2	12.993978
324.48	13.382259
344.76	13.793892
365.04	14.231048
385.32	14.696179
405.6	15.192056
425.88	15.721834
446.16	16.289111
466.44	16.898015
486.72	17.553303
507	18.260482
527.28	19.025972
547.56	19.857293
567.84	20.763320
588.12	21.754594
608.4	22.843740
628.68	24.046004
648.96	25.379972
669.24	26.868536
689.52	28.540222
709.8	30.431029
730.08	32.587053
750.36	35.068294
770.64	37.954317
790.92	41.352943
811.2	45.413999
831.48	50.351978
851.76	56.485122
872.04	64.306727
892.32	74.624552
912.6	88.858450
932.88	109.753956
953.16	143.391805
973.44	206.388547
993.72	364.560264
1014	0.000000
Torque_50.7Hz_585.355V
0	9.135928
21.84	9.327635
43.68	9.527289
65.52	9.735393
87.36	9.952495
109.2	10.179193
131.04	10.416136
152.88	10.664035
174.72	10.923668
196.56	11.195889
218.4	11.481635
240.24	11.781940
262.08	12.097946
283.92	12.430917
305.76	12.782258
327.6	13.153531
349.44	13.546481
371.28	13.963065
393.12	14.405481
414.96	14.876208
436.8	15.378054
458.64	15.914209
480.48	16.488316
502.32	17.104553
524.16	17.767734
546	18.483435
567.84	19.258151
589.68	20.099496
611.52	21.016450
633.36	22.019685
655.2	23.121979
677.04	24.338763
698.88	25.688851
720.72	27.195414
742.56	28.887328
764.4	30.801032
786.24	32.983190
808.08	35.494540
829.92	38.415629
851.76	41.855613
873.6	45.966182
895.44	50.964509
917.28	57.172835
939.12	65.090705
960.96	75.536224
982.8	89.947713
1004.64	111.107270
1026.48	145.179927
1048.32	209.031782
1070.16	369.718774
1092	0.000000
Torque_54.6Hz_612.199V
0	9.272470
23.4	9.466954
46.8	9.669499
70.2	9.880617
93.6	10.100865
117	10.330846
140.4	10.571222
163.8	10.822713
187.2	11.086108
210.6	11.362274
234	11.652161
257.4	11.956819
280.8	12.277405
304.2	12.615204
327.6	12.971638
351	13.348294
374.4	13.746943
397.8	14.169569
421.2	14.618403
444.6	15.095959
468	15.605087
491.4	16.149023
514.8	16.731464
538.2	17.356648
561.6	18.029459
585	18.755556
608.4	19.541528
631.8	20.395100
655.2	21.325384
678.6	22.343208
702	23.461538
725.4	24.696031
748.8	26.065776
772.2	27.594288
795.6	29.310863
819	31.252481
842.4	33.466494
865.8	36.014535
889.2	38.978349
912.6	42.468711
936	46.639572
959.4	51.711353
982.8	58.011137
1006.2	66.046026
1029.6	76.646599
1053	91.273376
1076.4	112.752178
1099.8	147.347910
1123.2	212.216992
1146.6	375.788602
1170	0.000000
Torque_58.5Hz_639.501V
0	9.428067
24.96	9.625715
49.92	9.831555
74.88	10.046107
99.84	10.269938
124.8	10.503662
149.76	10.747949
174.72	11.003532
199.68	11.271214
224.64	11.551874
249.6	11.846480
274.56	12.156097
299.52	12.481903
324.48	12.825201
349.44	13.187439
374.4	13.570229
399.36	13.975371
424.32	14.404882
449.28	14.861027
474.24	15.346364
499.2	15.863789
524.16	16.416590
549.12	17.008525
574.08	17.643903
599.04	18.327686
624	19.065625
648.96	19.864420
673.92	20.731921
698.88	21.677391
723.84	22.711835
748.8	23.848431
773.76	25.103096
798.72	26.495232
823.68	28.048742
848.64	29.793406
873.6	31.766814
898.56	34.017102
923.52	36.606926
948.48	39.619385
973.44	43.167100
998.4	47.406589
1023.36	52.561964
1048.32	58.965805
1073.28	67.133782
1098.24	77.910610
1123.2	92.781913
1148.16	114.622823
1173.12	149.810343
1198.08	215.823454
1223.04	382.573293
1248	0.000000
Torque_62.4Hz_667.203V
0	9.598366
26.52	9.799476
53.04	10.008922
79.56	10.227234
106.08	10.454987
132.6	10.692806
159.12	10.941374
185.64	11.201437
212.16	11.473810
238.68	11.759390
265.2	12.059160
291.72	12.374204
318.24	12.705722
344.76	13.055040
371.28	13.423630
397.8	13.813133
424.32	14.225381
450.84	14.662426
477.36	15.126574
503.88	15.620427
530.4	16.146931
556.92	16.709435
583.44	17.311761
609.96	17.958294
636.48	18.654085
663	19.404986
689.52	20.217814
716.04	21.100559
742.56	22.062648
769.08	23.115279
795.6	24.271866
822.12	25.548605
848.64	26.965245
875.16	28.546110
901.68	30.321511
928.2	32.329707
954.72	34.619688
981.24	37.255230
1007.76	40.320915
1034.28	43.931379
1060.8	48.245949
1087.32	53.492768
1113.84	60.010425
1140.36	68.323945
1166.88	79.293470
1193.4	94.432001
1219.92	116.668351
1246.44	152.501228
1272.96	219.757726
1299.48	389.919466
1326	0.000000
Torque_66.3Hz_695.259V
0	9.779948
28.08	9.984750
56.16	10.198042
84.24	10.420362
112.32	10.652296
140.4	10.894482
168.48	11.147615
196.56	11.412454
224.64	11.689830
252.72	11.980654
280.8	12.285931
308.88	12.606763
336.96	12.944372
365.04	13.300108
393.12	13.675471
421.2	14.072133
449.28	14.491957
477.36	14.937036
505.44	15.409717
533.52	15.912650
561.6	16.448836
589.68	17.021686
617.76	17.635092
645.84	18.293519
673.92	19.002114
702	19.766835
730.08	20.594627
758.16	21.493627
786.24	22.473436
814.32	23.545461
842.4	24.723363
870.48	26.023641
898.56	27.466408
926.64	29.076442
954.72	30.884618
982.8	32.929906
1010.88	35.262212
1038.96	37.946501
1067.04	41.068939
1095.12	44.746308
1123.2	49.140931
1151.28	54.485246
1179.36	61.124243
1207.44	69.592919
1235.52	80.767846
1263.6	96.191164
1291.68	118.848788
1319.76	155.368662
1347.84	223.946214
1375.92	397.705449
1404	0.000000
Torque_70.2Hz_723.627V
0	9.970085
29.64	10.178753
59.28	10.396071
88.92	10.622589
118.56	10.858902
148.2	11.105661
177.84	11.363574
207.48	11.633414
237.12	11.916028
266.76	12.212346
296.4	12.523388
326.04	12.850282
355.68	13.194268
385.32	13.556725
414.96	13.939181
444.6	14.343339
474.24	14.771098
503.88	15.224589
533.52	15.706206
563.16	16.218648
592.8	16.764973
622.44	17.348657
652.08	17.973666
681.72	18.644550
711.36	19.366553
741	20.145748
770.64	20.989210
800.28	21.905232
829.92	22.903599
859.56	23.995934
889.2	25.196158
918.84	26.521086
948.48	27.991216
978.12	29.631799
1007.76	31.474299
1037.4	33.558434
1067.04	35.935067
1096.68	38.670409
1126.32	41.852284
1155.96	45.599726
1185.6	50.078190
1215.24	55.524616
1244.88	62.290700
1274.52	70.921876
1304.16	82.311921
1333.8	98.033480
1363.44	121.132216
1393.08	158.371184
1422.72	228.330057
1452.36	405.833342
1482	0.000000
Torque_74.1Hz_752.272V
0	10.119939
31.2	10.331655
62.4	10.552149
93.6	10.781976
124.8	11.021742
156	11.272107
187.2	11.533789
218.4	11.807574
249.6	12.094319
280.8	12.394969
312	12.710559
343.2	13.042233
374.4	13.391250
405.6	13.759008
436.8	14.147059
468	14.557129
499.2	14.991148
530.4	15.451276
561.6	15.939942
592.8	16.459886
624	17.014211
655.2	17.606443
686.4	18.240607
717.6	18.921321
748.8	19.653906
780	20.444523
811.2	21.300354
842.4	22.229813
873.6	23.242829
904.8	24.351199
936	25.569050
967.2	26.913444
998.4	28.405185
1029.6	30.069897
1060.8	31.939515
1092	34.054346
1123.2	36.466012
1154.4	39.241714
1185.6	42.470591
1216.8	46.273462
1248	50.818273
1279.2	56.345544
1310.4	63.212303
1341.6	71.972307
1372.8	83.533063
1404	99.491616
1435.2	122.941566
1466.4	160.754861
1497.6	231.823322
1528.8	412.377593
1560	0.000000
Torque_78Hz_779.423V
0	9.570234
32.76	9.770793
65.52	9.979667
98.28	10.197383
131.04	10.424515
163.8	10.661688
196.56	10.909581
229.32	11.168939
262.08	11.440576
294.84	11.725385
327.6	12.024348
360.36	12.338546
393.12	12.669176
425.88	13.017560
458.64	13.385169
491.4	13.773637
524.16	14.184793
556.92	14.620684
589.68	15.083611
622.44	15.576171
655.2	16.101301
687.96	16.662344
720.72	17.263113
753.48	17.907982
786.24	18.601993
819	19.350985
851.76	20.161760
884.52	21.042291
917.28	22.001985
950.04	23.052020
982.8	24.205781
1015.56	25.479436
1048.32	26.892693
1081.08	28.469836
1113.84	30.241123
1146.6	32.244748
1179.36	34.529628
1212.12	37.159443
1244.88	40.218666
1277.64	43.821795
1310.4	48.127996
1343.16	53.365227
1375.92	59.871894
1408.68	68.172907
1441.44	79.128599
1474.2	94.253218
1506.96	116.480619
1539.72	152.330183
1572.48	219.736409
1605.24	391.201409
1638	0.000000
Torque_81.9Hz_779.423V
0	9.068605
34.32	9.258984
68.64	9.457254
102.96	9.663919
137.28	9.879521
171.6	10.104655
205.92	10.339965
240.24	10.586159
274.56	10.844009
308.88	11.114363
343.2	11.398152
377.52	11.696405
411.84	12.010256
446.16	12.340960
480.48	12.689914
514.8	13.058670
549.12	13.448964
583.44	13.862738
617.76	14.302178
652.08	14.769748
686.4	15.268238
720.72	15.800820
755.04	16.371115
789.36	16.983275
823.68	17.642087
858	18.353095
892.32	19.122755
926.64	19.958639
960.96	20.869677
995.28	21.866481
1029.6	22.961759
1063.92	24.170862
1098.24	25.512504
1132.56	27.009740
1166.88	28.691299
1201.2	30.593448
1235.52	32.762635
1269.84	35.259329
1304.16	38.163744
1338.48	41.584610
1372.8	45.673082
1407.12	50.645657
1441.44	56.823744
1475.76	64.705937
1510.08	75.109519
1544.4	89.473184
1578.72	110.585001
1613.04	144.642544
1647.36	208.706106
1681.68	371.866384
1716	0.000000
Torque_85.8Hz_779.423V
0	8.608852
35.88	8.789899
71.76	8.978452
107.64	9.174987
143.52	9.380023
179.4	9.594122
215.28	9.817901
251.16	10.052029
287.04	10.297243
322.92	10.554349
358.8	10.824232
394.68	11.107870
430.56	11.406343
466.44	11.720844
502.32	12.052700
538.2	12.403390
574.08	12.774563
609.96	13.168067
645.84	13.585981
681.72	14.030648
717.6	14.504722
753.48	15.011219
789.36	15.553585
825.24	16.135768
861.12	16.762320
897	17.438514
932.88	18.170494
968.76	18.965458
1004.64	19.831902
1040.52	20.779920
1076.4	21.821600
1112.28	22.971542
1148.16	24.247549
1184.04	25.671550
1219.92	27.270875
1255.8	29.080024
1291.68	31.143181
1327.56	33.517872
1363.44	36.280408
1399.32	39.534235
1435.2	43.423165
1471.08	48.153191
1506.96	54.030147
1542.84	61.528507
1578.72	71.426101
1614.6	85.092378
1650.48	105.181789
1686.36	137.596911
1722.24	198.596371
1758.12	354.137435
1794	0.000000
Torque_89.7Hz_779.423V
0	8.185807
37.44	8.358267
74.88	8.537878
112.32	8.725093
149.76	8.920406
187.2	9.124353
224.64	9.337520
262.08	9.560547
299.52	9.794134
336.96	10.039049
374.4	10.296136
411.84	10.566327
449.28	10.850649
486.72	11.150241
524.16	11.466366
561.6	11.800432
599.04	12.154011
636.48	12.528864
673.92	12.926970
711.36	13.350563
748.8	13.802171
786.24	14.284667
823.68	14.801333
861.12	15.355933
898.56	15.952801
936	16.596963
973.44	17.294271
1010.88	18.051584
1048.32	18.876996
1085.76	19.780125
1123.2	20.772487
1160.64	21.867994
1198.08	23.083608
1235.52	24.440224
1272.96	25.963884
1310.4	27.687460
1347.84	29.653057
1385.28	31.915490
1422.72	34.547483
1460.16	37.647615
1497.6	41.352945
1535.04	45.859799
1572.48	51.459684
1609.92	58.604879
1647.36	68.036914
1684.8	81.061525
1722.24	100.210211
1759.68	131.114072
1797.12	189.293757
1834.56	337.818064
1872	0.000000
Torque_93.6Hz_779.423V
0	7.795130
39	7.959662
78	8.131015
117	8.309623
156	8.495956
195	8.690528
234	8.893896
273	9.106670
312	9.329520
351	9.563177
390	9.808448
429	10.066220
468	10.337475
507	10.623298
546	10.924895
585	11.243610
624	11.580941
663	11.938570
702	12.318385
741	12.722517
780	13.153378
819	13.613710
858	14.106644
897	14.635770
936	15.205227
975	15.819808
1014	16.485098
1053	17.207641
1092	17.995162
1131	18.856836
1170	19.803655
1209	20.848893
1248	22.008737
1287	23.303126
1326	24.756912
1365	26.401466
1404	28.276970
1443	30.435741
1482	32.947182
1521	35.905385
1560	39.441170
1599	43.741940
1638	49.085967
1677	55.905037
1716	64.907160
1755	77.339235
1794	95.619218
1833	125.127480
1872	180.702911
1911	322.742778
1950	0.000000
Torque_97.5Hz_779.423V
0	7.433151
40.56	7.590336
81.12	7.754038
121.68	7.924672
162.24	8.102686
202.8	8.288570
243.36	8.482859
283.92	8.686134
324.48	8.899035
365.04	9.122262
405.6	9.356584
446.16	9.602850
486.72	9.861998
527.28	10.135063
567.84	10.423200
608.4	10.727691
648.96	11.049969
689.52	11.391640
730.08	11.754507
770.64	12.140607
811.2	12.552245
851.76	12.992041
892.32	13.462986
932.88	13.968512
973.44	14.512571
1014	15.099745
1054.56	15.735369
1095.12	16.425697
1135.68	17.178110
1176.24	18.001376
1216.8	18.905998
1257.36	19.904661
1297.92	21.012832
1338.48	22.249567
1379.04	23.638614
1419.6	25.209953
1460.16	27.001985
1500.72	29.064709
1541.28	31.464459
1581.84	34.291164
1622.4	37.669865
1662.96	41.779696
1703.52	46.886670
1744.08	53.403586
1784.64	62.007398
1825.2	73.890490
1865.76	91.365616
1906.32	119.580817
1946.88	172.743110
1987.44	308.771224
2028	0.000000
Torque_101.4Hz_779.423V
0	7.096743
42.12	7.247101
84.24	7.403692
126.36	7.566914
168.48	7.737197
210.6	7.915008
252.72	8.100858
294.84	8.295306
336.96	8.498961
379.08	8.712494
421.2	8.936642
463.32	9.172215
505.44	9.420110
547.56	9.681320
589.68	9.956947
631.8	10.248219
673.92	10.556507
716.04	10.883347
758.16	11.230464
800.28	11.599807
842.4	11.993580
884.52	12.414291
926.64	12.864801
968.76	13.348393
1010.88	13.868849
1053	14.430551
1095.12	15.038606
1137.24	15.698995
1179.36	16.418781
1221.48	17.206353
1263.6	18.071760
1305.72	19.027139
1347.84	20.087289
1389.96	21.270443
1432.08	22.599325
1474.2	24.102622
1516.32	25.817081
1558.44	27.790547
1600.56	30.086498
1642.68	32.790998
1684.8	36.023717
1726.92	39.956104
1769.04	44.842779
1811.16	51.078896
1853.28	59.312547
1895.4	70.685457
1937.52	87.412607
1979.64	114.426102
2021.76	165.345558
2063.88	295.783602
2106	0.000000
Torque_105.3Hz_779.423V
0	6.783227
43.68	6.927221
87.36	7.077186
131.04	7.233501
174.72	7.396578
218.4	7.566865
262.08	7.744852
305.76	7.931072
349.44	8.126111
393.12	8.330610
436.8	8.545275
480.48	8.770882
524.16	9.008291
567.84	9.258452
611.52	9.522421
655.2	9.801374
698.88	10.096624
742.56	10.409642
786.24	10.742080
829.92	11.095806
873.6	11.472931
917.28	11.875855
960.96	12.307321
1004.64	12.770472
1048.32	13.268931
1092	13.806896
1135.68	14.389257
1179.36	15.021745
1223.04	15.711125
1266.72	16.465432
1310.4	17.294292
1354.08	18.209333
1397.76	19.224730
1441.44	20.357950
1485.12	21.630762
1528.8	23.070649
1572.48	24.712815
1616.16	26.603097
1659.84	28.802315
1703.52	31.392928
1747.2	34.489600
1790.88	38.256622
1834.56	42.937994
1878.24	48.912427
1921.92	56.801115
1965.6	67.698570
2009.28	83.728651
2052.96	109.622205
2096.64	158.451266
2140.32	283.677043
2184	0.000000
Torque_109.2Hz_779.423V
0	6.490291
45.24	6.628340
90.48	6.772113
135.72	6.921974
180.96	7.078319
226.2	7.241576
271.44	7.412215
316.68	7.590749
361.92	7.777737
407.16	7.973795
452.4	8.179600
497.64	8.395896
542.88	8.623507
588.12	8.863344
633.36	9.116421
678.6	9.383863
723.84	9.666931
769.08	9.967034
814.32	10.285758
859.56	10.624892
904.8	10.986461
950.04	11.372767
995.28	11.786438
1040.52	12.230490
1085.76	12.708397
1131	13.224182
1176.24	13.782536
1221.48	14.388956
1266.72	15.049925
1311.96	15.773151
1357.2	16.567865
1402.44	17.445215
1447.68	18.418797
1492.92	19.505362
1538.16	20.725786
1583.4	22.106426
1628.64	23.681044
1673.88	25.493605
1719.12	27.602441
1764.36	30.086644
1809.6	33.056203
1854.84	36.668717
1900.08	41.158265
1945.32	46.888196
1990.56	54.454571
2035.8	64.907786
2081.04	80.286558
2126.28	105.133664
2171.52	152.009359
2216.76	272.362728
2262	0.000000
Torque_113.1Hz_779.423V
0	6.215934
46.8	6.348415
93.6	6.486389
140.4	6.630206
187.2	6.780245
234	6.936918
280.8	7.100676
327.6	7.272010
374.4	7.451458
421.2	7.639610
468	7.837117
514.8	8.044692
561.6	8.263127
608.4	8.493295
655.2	8.736170
702	8.992832
748.8	9.264490
795.6	9.552497
842.4	9.858377
889.2	10.183844
936	10.530844
982.8	10.901585
1029.6	11.298592
1076.4	11.724756
1123.2	12.183413
1170	12.678426
1216.8	13.214297
1263.6	13.796300
1310.4	14.430661
1357.2	15.124777
1404	15.887510
1450.8	16.729561
1497.6	17.663981
1544.4	18.706849
1591.2	19.878207
1638	21.203358
1684.8	22.714714
1731.6	24.454482
1778.4	26.478669
1825.2	28.863211
1872	31.713720
1918.8	35.181525
1965.6	39.491417
2012.4	44.992352
2059.2	52.256854
2106	62.294002
2152.8	77.062759
2199.6	100.929738
2246.4	145.975733
2293.2	261.763569
2340	0.000000
Torque_117Hz_779.423V
0	5.958411
48.36	6.085666
96.72	6.218197
145.08	6.356341
193.44	6.500461
241.8	6.650954
290.16	6.808253
338.52	6.972829
386.88	7.145199
435.24	7.325931
483.6	7.515649
531.96	7.715038
580.32	7.924860
628.68	8.145953
677.04	8.379251
725.4	8.625794
773.76	8.886743
822.12	9.163397
870.48	9.457220
918.84	9.769860
967.2	10.103184
1015.56	10.459316
1063.92	10.840680
1112.28	11.250054
1160.64	11.690643
1209	12.166158
1257.36	12.680924
1305.72	13.240010
1354.08	13.849395
1402.44	14.516188
1450.8	15.248902
1499.16	16.057819
1547.52	16.955480
1595.88	17.957333
1644.24	19.082636
1692.6	20.355702
1740.96	21.807677
1789.32	23.479120
1837.68	25.423850
1886.04	27.714848
1934.4	30.453610
1982.76	33.785585
2031.12	37.926842
2079.48	43.212830
2127.84	50.193977
2176.2	59.840575
2224.56	74.036725
2272.92	96.983651
2321.28	140.311957
2369.64	251.812339
2418	0.000000
Torque_120.9Hz_779.423V
0	5.716198
49.92	5.838536
99.84	5.965948
149.76	6.098755
199.68	6.237309
249.6	6.381989
299.52	6.533212
349.44	6.691432
399.36	6.857146
449.28	7.030899
499.2	7.213290
549.12	7.404981
599.04	7.606701
648.96	7.819258
698.88	8.043549
748.8	8.280575
798.72	8.531451
848.64	8.797427
898.56	9.079910
948.48	9.380484
998.4	9.700947
1048.32	10.043337
1098.24	10.409988
1148.16	10.803570
1198.08	11.227165
1248	11.684341
1297.92	12.179258
1347.84	12.716787
1397.76	13.302682
1447.68	13.943775
1497.6	14.648255
1547.52	15.426008
1597.44	16.289094
1647.36	17.252370
1697.28	18.334355
1747.2	19.558432
1797.12	20.954555
1847.04	22.561733
1896.96	24.431730
1946.88	26.634741
1996.8	29.268397
2046.72	32.472614
2096.64	36.455257
2146.56	41.539070
2196.48	48.253696
2246.4	57.532943
2296.32	71.190488
2346.24	93.271966
2396.16	134.984392
2446.08	242.450141
2496	0.000000
Torque_124.8Hz_779.423V
0	5.487950
51.48	5.605656
102.96	5.728244
154.44	5.856023
205.92	5.989331
257.4	6.128534
308.88	6.274032
360.36	6.426262
411.84	6.585703
463.32	6.752879
514.8	6.928366
566.28	7.112802
617.76	7.306887
669.24	7.511401
720.72	7.727205
772.2	7.955262
823.68	8.196646
875.16	8.452559
926.64	8.724356
978.12	9.013561
1029.6	9.321902
1081.08	9.651344
1132.56	10.004130
1184.04	10.382830
1235.52	10.790411
1287	11.230306
1338.48	11.706517
1389.96	12.223733
1441.44	12.787491
1492.92	13.404367
1544.4	14.082239
1595.88	14.830625
1647.36	15.661130
1698.84	16.588052
1750.32	17.629217
1801.8	18.807129
1853.28	20.150620
1904.76	21.697238
1956.24	23.496809
2007.72	25.616905
2059.2	28.151513
2110.68	31.235334
2162.16	35.068504
2213.64	39.961789
2265.12	46.425249
2316.6	55.358304
2368.08	68.508254
2419.56	89.774079
2471.04	129.963463
2522.52	233.625161
2574	0.000000
Torque_128.7Hz_779.423V
0	5.272486
53.04	5.385818
106.08	5.503852
159.12	5.626884
212.16	5.755240
265.2	5.889272
318.24	6.029366
371.28	6.175942
424.32	6.329461
477.36	6.490428
530.4	6.659399
583.44	6.836985
636.48	7.023864
689.52	7.220784
742.56	7.428576
795.6	7.648166
848.64	7.880589
901.68	8.127004
954.72	8.388713
1007.76	8.667185
1060.8	8.964084
1113.84	9.281302
1166.88	9.620999
1219.92	9.985652
1272.96	10.378115
1326	10.801696
1379.04	11.260248
1432.08	11.758289
1485.12	12.301150
1538.16	12.895164
1591.2	13.547919
1644.24	14.268581
1697.28	15.068328
1750.32	15.960933
1803.36	16.963562
1856.4	18.097894
1909.44	19.391699
1962.48	20.881145
2015.52	22.614232
2068.56	24.656054
2121.6	27.097157
2174.64	30.067320
2227.68	33.759378
2280.72	38.472796
2333.76	44.699137
2386.8	53.305357
2439.84	65.976081
2492.88	86.471805
2545.92	125.223063
2598.96	225.291628
2652	0.000000
Torque_132.6Hz_779.423V
0	5.068754
54.6	5.177952
109.2	5.291679
163.8	5.410222
218.4	5.533896
273	5.663038
327.6	5.798022
382.2	5.939252
436.8	6.087172
491.4	6.242268
546	6.405077
600.6	6.576187
655.2	6.756252
709.8	6.945991
764.4	7.146207
819	7.357792
873.6	7.581743
928.2	7.819175
982.8	8.071345
1037.4	8.339669
1092	8.625749
1146.6	8.931409
1201.2	9.258730
1255.8	9.610099
1310.4	9.988267
1365	10.396422
1419.6	10.838277
1474.2	11.318187
1528.8	11.841287
1583.4	12.413684
1638	13.042689
1692.6	13.737137
1747.2	14.507801
1801.8	15.367955
1856.4	16.334146
1911	17.427269
1965.6	18.674091
2020.2	20.109478
2074.8	21.779699
2129.4	23.747505
2184	26.100190
2238.6	28.962877
2293.2	32.521499
2347.8	37.064830
2402.4	43.066943
2457	51.364090
2511.6	63.581617
2566.2	83.349029
2620.8	120.740054
2675.4	217.408960
2730	0.000000
Torque_136.5Hz_779.423V
0	4.875821
56.16	4.981103
112.32	5.090752
168.48	5.205045
224.64	5.324284
280.8	5.448797
336.96	5.578941
393.12	5.715108
449.28	5.857725
505.44	6.007262
561.6	6.164235
617.76	6.329213
673.92	6.502824
730.08	6.685764
786.24	6.878805
842.4	7.082809
898.56	7.298736
954.72	7.527663
1010.88	7.770799
1067.04	8.029512
1123.2	8.305346
1179.36	8.600060
1235.52	8.915661
1291.68	9.254450
1347.84	9.619081
1404	10.012628
1460.16	10.438671
1516.32	10.901409
1572.48	11.405797
1628.64	11.957721
1684.8	12.564235
1740.96	13.233857
1797.12	13.976978
1853.28	14.806401
1909.44	15.738084
1965.6	16.792180
2021.76	17.994509
2077.92	19.378699
2134.08	20.989382
2190.24	22.887092
2246.4	25.156040
2302.56	27.916940
2358.72	31.349189
2414.88	35.731433
2471.04	41.521180
2527.2	49.525595
2583.36	61.313873
2639.52	80.391417
2695.68	116.493857
2751.84	209.941047
2808	0.000000
Torque_140.4Hz_779.423V
0	4.692854
57.72	4.794422
115.44	4.900204
173.16	5.010466
230.88	5.125500
288.6	5.245622
346.32	5.371176
404.04	5.502542
461.76	5.640130
519.48	5.784395
577.2	5.935834
634.92	6.094995
692.64	6.262486
750.36	6.438978
808.08	6.625215
865.8	6.822029
923.52	7.030347
981.24	7.251206
1038.96	7.485776
1096.68	7.735374
1154.4	8.001492
1212.12	8.285825
1269.84	8.590311
1327.56	8.917170
1385.28	9.268963
1443	9.648655
1500.72	10.059702
1558.44	10.506156
1616.16	10.992797
1673.88	11.525306
1731.6	12.110489
1789.32	12.756567
1847.04	13.473567
1904.76	14.273844
1962.48	15.172800
2020.2	16.189884
2077.92	17.350015
2135.64	18.685650
2193.36	20.239867
2251.08	22.071097
2308.8	24.260627
2366.52	26.924990
2424.24	30.237381
2481.96	34.466841
2539.68	40.055164
2597.4	47.781923
2655.12	59.163043
2712.84	77.586176
2770.56	112.466103
2828.28	202.855648
2886	0.000000
Torque_144.3Hz_779.423V
0	4.519106
59.28	4.617148
118.56	4.719257
177.84	4.825692
237.12	4.936732
296.4	5.052684
355.68	5.173880
414.96	5.300686
474.24	5.433499
533.52	5.572757
592.8	5.718940
652.08	5.872579
711.36	6.034258
770.64	6.204626
829.92	6.384402
889.2	6.574388
948.48	6.775480
1007.76	6.988679
1067.04	7.215114
1126.32	7.456056
1185.6	7.712946
1244.88	7.987422
1304.16	8.281352
1363.44	8.596882
1422.72	8.936483
1482	9.303018
1541.28	9.699825
1600.56	10.130814
1659.84	10.600602
1719.12	11.114673
1778.4	11.679599
1837.68	12.303319
1896.96	12.995513
1956.24	13.768112
2015.52	14.635988
2074.8	15.617923
2134.08	16.737980
2193.36	18.027503
2252.64	19.528096
2311.92	21.296190
2371.2	23.410297
2430.48	25.982978
2489.76	29.181538
2549.04	33.265893
2608.32	38.662911
2667.6	46.125957
2726.88	57.120344
2786.16	74.921851
2845.44	108.640345
2904.72	196.123882
2964	0.000000
Torque_148.2Hz_779.423V
0	4.353907
60.84	4.448597
121.68	4.547214
182.52	4.650008
243.36	4.757252
304.2	4.869239
365.04	4.986292
425.88	5.108762
486.72	5.237034
547.56	5.371532
608.4	5.512718
669.24	5.661105
730.08	5.817258
790.92	5.981804
851.76	6.155437
912.6	6.338931
973.44	6.533151
1034.28	6.739067
1095.12	6.957767
1155.96	7.190479
1216.8	7.438596
1277.64	7.703698
1338.48	7.987592
1399.32	8.292350
1460.16	8.620359
1521	8.974384
1581.84	9.357650
1642.68	9.773935
1703.52	10.227698
1764.36	10.724238
1825.2	11.269903
1886.04	11.872363
1946.88	12.540970
2007.72	13.287251
2068.56	14.125576
2129.4	15.074088
2190.24	16.156040
2251.08	17.401718
2311.92	18.851320
2372.76	20.559379
2433.6	22.601767
2494.44	25.087267
2555.28	28.177581
2616.12	32.123951
2676.96	37.339046
2737.8	44.551300
2798.64	55.177886
2859.48	72.388150
2920.32	105.001808
2981.16	189.719804
3042	0.000000
Torque_152.1Hz_779.423V
0	4.196653
62.4	4.288150
124.8	4.383444
187.2	4.482774
249.6	4.586402
312	4.694615
374.4	4.807724
436.8	4.926067
499.2	5.050017
561.6	5.179983
624	5.316412
686.4	5.459800
748.8	5.610693
811.2	5.769696
873.6	5.937481
936	6.114795
998.4	6.302475
1060.8	6.501457
1123.2	6.712794
1185.6	6.937672
1248	7.177436
1310.4	7.433616
1372.8	7.707956
1435.2	8.002460
1497.6	8.319433
1560	8.661550
1622.4	9.031926
1684.8	9.434214
1747.2	9.872722
1809.6	10.352572
1872	10.879902
1934.4	11.462123
1996.8	12.108277
2059.2	12.829504
2121.6	13.639695
2184	14.556391
2246.4	15.602067
2308.8	16.806003
2371.2	18.207063
2433.6	19.857968
2496	21.832078
2558.4	24.234579
2620.8	27.221839
2683.2	31.036837
2745.6	36.078723
2808	43.052191
2870.4	53.328562
2932.8	69.975802
2995.2	101.537178
3057.6	183.620035
3120	0.000000
Torque_156Hz_779.423V
0	4.046797
63.96	4.135253
127.92	4.227378
191.88	4.323406
255.84	4.423591
319.8	4.528207
383.76	4.637556
447.72	4.751966
511.68	4.871798
575.64	4.997445
639.6	5.129341
703.56	5.267966
767.52	5.413846
831.48	5.567567
895.44	5.729778
959.4	5.901203
1023.36	6.082650
1087.32	6.275025
1151.28	6.479344
1215.24	6.696756
1279.2	6.928561
1343.16	7.176238
1407.12	7.441473
1471.08	7.726204
1535.04	8.032661
1599	8.363429
1662.96	8.721521
1726.92	9.110469
1790.88	9.534439
1854.84	9.998385
1918.8	10.508240
1982.76	11.071174
2046.72	11.695929
2110.68	12.393279
2174.64	13.176659
2238.6	14.063032
2302.56	15.074137
2366.52	16.238291
2430.48	17.593087
2494.44	19.189521
2558.4	21.098557
2622.36	23.421951
2686.32	26.310990
2750.28	30.000774
2814.24	34.877564
2878.2	41.623421
2942.16	51.565947
3006.12	67.676427
3070.08	98.234428
3134.04	177.803448
3198	0.000000
Torque_159.9Hz_779.423V
0	3.903844
65.52	3.989398
131.04	4.078502
196.56	4.171380
262.08	4.268279
327.6	4.369464
393.12	4.475227
458.64	4.585886
524.16	4.701788
589.68	4.823315
655.2	4.950887
720.72	5.084967
786.24	5.226065
851.76	5.374747
917.28	5.531642
982.8	5.697449
1048.32	5.872950
1113.84	6.059021
1179.36	6.256646
1244.88	6.466935
1310.4	6.691148
1375.92	6.930712
1441.44	7.187262
1506.96	7.462670
1572.48	7.759095
1638	8.079036
1703.52	8.425410
1769.04	8.801631
1834.56	9.211732
1900.08	9.660505
1965.6	10.153691
2031.12	10.698224
2096.64	11.302564
2162.16	11.977136
2227.68	12.734937
2293.2	13.592382
2358.72	14.570504
2424.24	15.696706
2489.76	17.007364
2555.28	18.551830
2620.8	20.398780
2686.32	22.646701
2751.84	25.442026
2817.36	29.012339
2882.88	33.731602
2948.4	40.260272
3013.92	49.884221
3079.44	65.482435
3144.96	95.082661
3210.48	172.250904
3276	0.000000
Torque_163.8Hz_779.423V
0	3.767344
67.08	3.850128
134.16	3.936346
201.24	4.026217
268.32	4.119978
335.4	4.217887
402.48	4.320226
469.56	4.427302
536.64	4.539452
603.72	4.657045
670.8	4.780488
737.88	4.910228
804.96	5.046759
872.04	5.190630
939.12	5.342448
1006.2	5.502891
1073.28	5.672714
1140.36	5.852766
1207.44	6.043998
1274.52	6.247487
1341.6	6.464449
1408.68	6.696268
1475.76	6.944524
1542.84	7.211029
1609.92	7.497873
1677	7.807477
1744.08	8.142660
1811.16	8.506729
1878.24	8.903586
1945.32	9.337870
2012.4	9.815137
2079.48	10.342099
2146.56	10.926945
2213.64	11.579765
2280.72	12.313140
2347.8	13.142959
2414.88	14.089585
2481.96	15.179543
2549.04	16.448051
2616.12	17.942887
2683.2	19.730545
2750.28	21.906388
2817.36	24.612212
2884.44	28.068423
2951.52	32.637232
3018.6	38.958456
3085.68	48.278094
3152.76	63.386928
3219.84	92.071977
3286.92	166.945021
3354	0.000000
Torque_167.7Hz_779.423V
0	3.636888
68.64	3.717023
137.28	3.800483
205.92	3.887480
274.56	3.978242
343.2	4.073020
411.84	4.172086
480.48	4.275738
549.12	4.384302
617.76	4.498136
686.4	4.617632
755.04	4.743225
823.68	4.875392
892.32	5.014664
960.96	5.161630
1029.6	5.316945
1098.24	5.481342
1166.88	5.655640
1235.52	5.840764
1304.16	6.037752
1372.8	6.247784
1441.44	6.472200
1510.08	6.712529
1578.72	6.970525
1647.36	7.248213
1716	7.547935
1784.64	7.872423
1853.28	8.224877
1921.92	8.609076
1990.56	9.029512
2059.2	9.491563
2127.84	10.001731
2196.48	10.567944
2265.12	11.199973
2333.76	11.910001
2402.4	12.713415
2471.04	13.629935
2539.68	14.685250
2608.32	15.913468
2676.96	17.360865
2745.6	19.091848
2814.24	21.198790
2882.88	23.819059
2951.52	27.166194
3020.16	31.591170
3088.8	37.714068
3157.44	46.742752
3226.08	61.383626
3294.72	89.193363
3363.36	161.869970
3432	0.000000
Torque_171.6Hz_779.423V
0	3.512100
70.2	3.589702
140.4	3.670525
210.6	3.754772
280.8	3.842665
351	3.934448
421.2	4.030384
491.4	4.130760
561.6	4.235894
631.8	4.346131
702	4.461852
772.2	4.583477
842.4	4.711470
912.6	4.846343
982.8	4.988667
1053	5.139078
1123.2	5.298283
1193.4	5.467079
1263.6	5.646358
1333.8	5.837129
1404	6.040532
1474.2	6.257865
1544.4	6.490611
1614.6	6.740469
1684.8	7.009397
1755	7.299667
1825.2	7.613923
1895.4	7.955266
1965.6	8.327356
2035.8	8.734544
2106	9.182041
2176.2	9.676143
2246.4	10.224531
2316.6	10.836670
2386.8	11.524363
2457	12.302517
2527.2	13.190236
2597.4	14.212409
2667.6	15.402082
2737.8	16.804095
2808	18.480856
2878.2	20.521879
2948.4	23.060293
3018.6	26.303065
3088.8	30.590419
3159	36.523542
3229.2	45.273795
3299.4	59.466795
3369.6	86.438590
3439.8	157.011307
3510	0.000000
Torque_175.5Hz_779.423V
0	3.392639
71.76	3.467816
143.52	3.546113
215.28	3.627728
287.04	3.712875
358.8	3.801790
430.56	3.894729
502.32	3.991970
574.08	4.093820
645.84	4.200614
717.6	4.312721
789.36	4.430547
861.12	4.554543
932.88	4.685205
1004.64	4.823086
1076.4	4.968801
1148.16	5.123037
1219.92	5.286564
1291.68	5.460248
1363.44	5.645066
1435.2	5.842122
1506.96	6.052676
1578.72	6.278162
1650.48	6.520227
1722.24	6.780770
1794	7.061990
1865.76	7.366451
1937.52	7.697156
2009.28	8.057654
2081.04	8.452158
2152.8	8.885720
2224.56	9.364440
2296.32	9.895762
2368.08	10.488859
2439.84	11.155169
2511.6	11.909138
2583.36	12.769281
2655.12	13.759723
2726.88	14.912491
2798.64	16.271049
2870.4	17.895892
2942.16	19.873797
3013.92	22.333831
3085.68	25.476669
3157.44	29.632233
3229.2	35.383615
3300.96	43.867200
3372.72	57.631187
3444.48	83.800130
3516.24	152.355819
3588	0.000000
Torque_179.4Hz_779.423V
0	3.278189
73.32	3.351043
146.64	3.426921
219.96	3.506013
293.28	3.588530
366.6	3.674698
439.92	3.764765
513.24	3.859002
586.56	3.957705
659.88	4.061201
733.2	4.169845
806.52	4.284033
879.84	4.404199
953.16	4.530826
1026.48	4.664450
1099.8	4.805666
1173.12	4.955141
1246.44	5.113620
1319.76	5.281944
1393.08	5.461058
1466.4	5.652034
1539.72	5.856092
1613.04	6.074622
1686.36	6.309221
1759.68	6.561730
1833	6.834280
1906.32	7.129355
1979.64	7.449869
2052.96	7.799259
2126.28	8.181611
2199.6	8.601821
2272.92	9.065804
2346.24	9.580774
2419.56	10.155626
2492.88	10.801447
2566.2	11.532242
2639.52	12.365964
2712.84	13.326000
2786.16	14.443406
2859.48	15.760325
2932.8	17.335419
3006.12	19.252841
3079.44	21.637765
3152.76	24.684834
3226.08	28.714096
3299.4	34.291293
3372.72	42.519275
3446.04	55.871991
3519.36	81.271081
3592.68	147.891396
3666	0.000000
Torque_183.3Hz_779.423V
0	3.168462
74.88	3.239089
149.76	3.312647
224.64	3.389321
299.52	3.469315
374.4	3.552849
449.28	3.640163
524.16	3.731520
599.04	3.827207
673.92	3.927540
748.8	4.032864
823.68	4.143563
898.56	4.260058
973.44	4.382817
1048.32	4.512358
1123.2	4.649261
1198.08	4.794171
1272.96	4.947811
1347.84	5.110995
1422.72	5.284640
1497.6	5.469787
1572.48	5.667616
1647.36	5.879477
1722.24	6.106919
1797.12	6.351724
1872	6.615960
1946.88	6.902037
2021.76	7.212779
2096.64	7.551519
2171.52	7.922219
2246.4	8.329627
2321.28	8.779479
2396.16	9.278772
2471.04	9.836128
2545.92	10.462303
2620.8	11.170879
2695.68	11.979265
2770.56	12.910146
2845.44	13.993644
2920.32	15.270635
2995.2	16.798023
3070.08	18.657444
3144.96	20.970338
3219.84	23.925564
3294.72	27.833695
3369.6	33.243826
3444.48	41.226627
3519.36	54.184785
3594.24	78.845101
3669.12	143.606913
3744	0.000000
Torque_187.2Hz_779.423V
0	3.063192
76.44	3.131682
152.88	3.203013
229.32	3.277368
305.76	3.354942
382.2	3.435949
458.64	3.520622
535.08	3.609216
611.52	3.702008
687.96	3.799306
764.4	3.901446
840.84	4.008797
917.28	4.121770
993.72	4.240817
1070.16	4.366442
1146.6	4.499207
1223.04	4.639737
1299.48	4.788733
1375.92	4.946986
1452.36	5.115385
1528.8	5.294938
1605.24	5.486792
1681.68	5.692255
1758.12	5.912828
1834.56	6.150242
1911	6.406502
1987.44	6.683945
2063.88	6.985311
2140.32	7.313832
2216.76	7.673353
2293.2	8.068478
2369.64	8.504772
2446.08	8.989021
2522.52	9.529592
2598.96	10.136916
2675.4	10.824172
2751.84	11.608248
2828.28	12.511154
2904.72	13.562114
2981.16	14.800791
3057.6	16.282401
3134.04	18.086164
3210.48	20.329935
3286.92	23.197019
3363.36	26.988897
3439.8	32.238679
3516.24	39.986132
3592.68	52.565494
3669.12	76.516348
3745.56	139.492132
3822	0.000000
Torque_191.1Hz_779.423V
0	2.962132
78	3.028570
156	3.097765
234	3.169893
312	3.245143
390	3.323724
468	3.405862
546	3.491802
624	3.581816
702	3.676201
780	3.775283
858	3.879420
936	3.989011
1014	4.104495
1092	4.226361
1170	4.355153
1248	4.491477
1326	4.636016
1404	4.789535
1482	4.952897
1560	5.127080
1638	5.313197
1716	5.512516
1794	5.726496
1872	5.956814
1950	6.205416
2028	6.474570
2106	6.766934
2184	7.085645
2262	7.434433
2340	7.817765
2418	8.241041
2496	8.710847
2574	9.235301
2652	9.824526
2730	10.491311
2808	11.252046
2886	12.128091
2964	13.147809
3042	14.349697
3120	15.787350
3198	17.537668
3276	19.715063
3354	22.497504
3432	26.177735
3510	31.273512
3588	38.794906
3666	51.010362
3744	74.279435
3822	135.537610
3900	0.000000
Torque_195Hz_779.423V
0	2.865055
79.56	2.929522
159.12	2.996665
238.68	3.066653
318.24	3.139672
397.8	3.215922
477.36	3.295624
556.92	3.379016
636.48	3.466361
716.04	3.557947
795.6	3.654091
875.16	3.755142
954.72	3.861484
1034.28	3.973545
1113.84	4.091799
1193.4	4.216774
1272.96	4.349060
1352.52	4.489316
1432.08	4.638287
1511.64	4.796810
1591.2	4.965835
1670.76	5.146440
1750.32	5.339858
1829.88	5.547503
1909.44	5.771005
1989	6.012251
2068.56	6.273442
2148.12	6.557158
2227.68	6.866444
2307.24	7.204920
2386.8	7.576922
2466.36	7.987692
2545.92	8.443623
2625.48	8.952593
2705.04	9.524431
2784.6	10.171549
2864.16	10.909859
2943.72	11.760097
3023.28	12.749799
3102.84	13.916341
3182.4	15.311759
3261.96	17.010724
3341.52	19.124340
3421.08	21.825447
3500.64	25.398391
3580.2	30.346163
3659.76	37.650283
3739.32	49.515913
3818.88	72.129382
3898.44	131.734625
3978	0.000000
Torque_198.9Hz_779.423V
0	2.771750
81.12	2.834323
162.24	2.899493
243.36	2.967425
324.48	3.038298
405.6	3.112309
486.72	3.189669
567.84	3.270611
648.96	3.355391
730.08	3.444288
811.2	3.537608
892.32	3.635691
973.44	3.738911
1054.56	3.847682
1135.68	3.962465
1216.8	4.083771
1297.92	4.212174
1379.04	4.348315
1460.16	4.492914
1541.28	4.646786
1622.4	4.810852
1703.52	4.986160
1784.64	5.173906
1865.76	5.375462
1946.88	5.592411
2028	5.826586
2109.12	6.080122
2190.24	6.355526
2271.36	6.655752
2352.48	6.984317
2433.6	7.345429
2514.72	7.744178
2595.84	8.186770
2676.96	8.680856
2758.08	9.235979
2839.2	9.864192
2920.32	10.580945
3001.44	11.406374
3082.56	12.367221
3163.68	13.499782
3244.8	14.854598
3325.92	16.504192
3407.04	18.556489
3488.16	21.179394
3569.28	24.649178
3650.4	29.454629
3731.52	36.549791
3812.64	48.078930
3893.76	70.061577
3974.88	128.075104
4056	0.000000
Torque_202.8Hz_779.423V
0	2.682022
82.68	2.742773
165.36	2.806045
248.04	2.872000
330.72	2.940810
413.4	3.012666
496.08	3.087775
578.76	3.166362
661.44	3.248674
744.12	3.334984
826.8	3.425589
909.48	3.520819
992.16	3.621036
1074.84	3.726643
1157.52	3.838087
1240.2	3.955865
1322.88	4.080534
1405.56	4.212716
1488.24	4.353111
1570.92	4.502510
1653.6	4.661807
1736.28	4.832020
1818.96	5.014311
1901.64	5.210011
1984.32	5.420658
2067	5.648032
2149.68	5.894207
2232.36	6.161616
2315.04	6.453130
2397.72	6.772161
2480.4	7.122799
2563.08	7.509986
2645.76	7.939749
2728.44	8.419521
2811.12	8.958567
2893.8	9.568596
2976.48	10.264615
3059.16	11.066182
3141.84	11.999274
3224.52	13.099150
3307.2	14.414909
3389.88	16.017012
3472.56	18.010321
3555.24	20.557996
3637.92	23.928532
3720.6	28.597048
3803.28	35.491140
3885.96	46.696426
3968.64	68.071742
4051.32	124.551560
4134	0.000000
Torque_206.7Hz_779.423V
0	2.595688
84.24	2.654686
168.48	2.716133
252.72	2.780185
336.96	2.847010
421.2	2.916793
505.44	2.989735
589.68	3.066056
673.92	3.145994
758.16	3.229815
842.4	3.317807
926.64	3.410291
1010.88	3.507618
1095.12	3.610181
1179.36	3.718412
1263.6	3.832796
1347.84	3.953872
1432.08	4.082244
1516.32	4.218594
1600.56	4.363689
1684.8	4.518398
1769.04	4.683708
1853.28	4.860749
1937.52	5.050816
2021.76	5.255399
2106	5.476228
2190.24	5.715320
2274.48	5.975036
2358.72	6.258165
2442.96	6.568023
2527.2	6.908582
2611.44	7.284643
2695.68	7.702061
2779.92	8.168057
2864.16	8.691633
2948.4	9.284163
3032.64	9.960229
3116.88	10.738832
3201.12	11.645213
3285.36	12.713633
3369.6	13.991804
3453.84	15.548200
3538.08	17.484734
3622.32	19.959998
3706.56	23.234999
3790.8	27.771694
3875.04	34.472199
3959.28	45.365627
4043.52	66.155903
4127.76	121.157044
4212	0.000000
Torque_210.6Hz_779.423V
0	2.512579
85.8	2.569890
171.6	2.629580
257.4	2.691799
343.2	2.756714
429	2.824502
514.8	2.895358
600.6	2.969496
686.4	3.047149
772.2	3.128573
858	3.214051
943.8	3.303891
1029.6	3.398437
1115.4	3.498068
1201.2	3.603207
1287	3.714322
1372.8	3.831939
1458.6	3.956645
1544.4	4.089101
1630.2	4.230052
1716	4.380343
1801.8	4.540934
1887.6	4.712921
1973.4	4.897563
2059.2	5.096308
2145	5.310837
2230.8	5.543109
2316.6	5.795418
2402.4	6.070476
2488.2	6.371502
2574	6.702358
2659.8	7.067707
2745.6	7.473240
2831.4	7.925973
2917.2	8.434653
3003	9.010336
3088.8	9.667190
3174.6	10.423683
3260.4	11.304345
3346.2	12.342478
3432	13.584454
3517.8	15.096837
3603.6	16.978700
3689.4	19.384231
3775.2	22.567226
3861	26.976955
3946.8	33.490983
4032.6	44.083947
4118.4	64.310359
4204.2	117.885088
4290	0.000000
Torque_214.5Hz_779.423V
0	2.432537
87.36	2.488223
174.72	2.546220
262.08	2.606675
349.44	2.669749
436.8	2.735615
524.16	2.804463
611.52	2.876499
698.88	2.951951
786.24	3.031068
873.6	3.114122
960.96	3.201416
1048.32	3.293283
1135.68	3.390092
1223.04	3.492252
1310.4	3.600219
1397.76	3.714505
1485.12	3.835679
1572.48	3.964383
1659.84	4.101343
1747.2	4.247379
1834.56	4.403425
1921.92	4.570544
2009.28	4.749961
2096.64	4.943083
2184	5.151545
2271.36	5.377247
2358.72	5.622423
2446.08	5.889705
2533.44	6.182225
2620.8	6.503734
2708.16	6.858765
2795.52	7.252850
2882.88	7.692807
2970.24	8.187140
3057.6	8.746594
3144.96	9.384941
3232.32	10.120136
3319.68	10.976023
3407.04	11.984978
3494.4	13.192087
3581.76	14.662068
3669.12	16.491259
3756.48	18.829604
3843.84	21.923948
3931.2	26.211331
4018.56	32.545642
4105.92	42.848979
4193.28	62.531661
4280.64	114.729670
4368	0.000000
Torque_218.4Hz_779.423V
0	2.355415
88.92	2.409534
177.84	2.465900
266.76	2.524656
355.68	2.585956
444.6	2.649970
533.52	2.716882
622.44	2.786893
711.36	2.860224
800.28	2.937117
889.2	3.017837
978.12	3.102678
1067.04	3.191963
1155.96	3.286052
1244.88	3.385342
1333.8	3.490276
1422.72	3.601351
1511.64	3.719122
1600.56	3.844212
1689.48	3.977326
1778.4	4.119263
1867.32	4.270927
1956.24	4.433357
2045.16	4.607738
2134.08	4.795443
2223	4.998056
2311.92	5.217429
2400.84	5.455731
2489.76	5.715520
2578.68	5.999843
2667.6	6.312344
2756.52	6.657433
2845.44	7.040485
2934.36	7.468131
3023.28	7.948638
3112.2	8.492451
3201.12	9.112964
3290.04	9.827632
3378.96	10.659643
3467.88	11.640477
3556.8	12.813981
3645.72	14.243094
3734.64	16.021516
3823.56	18.295100
3912.48	21.303985
4001.4	25.473418
4090.32	31.634450
4179.24	41.658472
4268.16	60.816589
4357.08	111.685168
4446	0.000000
Torque_222.3Hz_779.423V
0	2.281073
90.48	2.333683
180.96	2.388476
271.44	2.445593
361.92	2.505184
452.4	2.567413
542.88	2.632459
633.36	2.700518
723.84	2.771804
814.32	2.846553
904.8	2.925023
995.28	3.007499
1085.76	3.094296
1176.24	3.185762
1266.72	3.282285
1357.2	3.384296
1447.68	3.492276
1538.16	3.606766
1628.64	3.728372
1719.12	3.857779
1809.6	3.995763
1900.08	4.143205
1990.56	4.301112
2081.04	4.470640
2171.52	4.653121
2262	4.850097
2352.48	5.063368
2442.96	5.295042
2533.44	5.547609
2623.92	5.824029
2714.4	6.127847
2804.88	6.463350
2895.36	6.835766
2985.84	7.251542
3076.32	7.718719
3166.8	8.247454
3257.28	8.850772
3347.76	9.545650
3438.24	10.354639
3528.72	11.308360
3619.2	12.449460
3709.68	13.839167
3800.16	15.568633
3890.64	17.779765
3981.12	20.706235
4071.6	24.761907
4162.08	30.755788
4252.56	40.510321
4343.04	59.162133
4433.52	108.746330
4524	0.000000
Torque_226.2Hz_779.423V
0	2.209382
92.04	2.260536
184.08	2.313814
276.12	2.369350
368.16	2.427292
460.2	2.487800
552.24	2.551046
644.28	2.617223
736.32	2.686537
828.36	2.759219
920.4	2.835519
1012.44	2.915714
1104.48	3.000111
1196.52	3.089048
1288.56	3.182903
1380.6	3.282094
1472.64	3.387089
1564.68	3.498415
1656.72	3.616661
1748.76	3.742492
1840.8	3.876664
1932.84	4.020034
2024.88	4.173581
2116.92	4.338428
2208.96	4.515871
2301	4.707410
2393.04	4.914796
2485.08	5.140079
2577.12	5.385680
2669.16	5.654477
2761.2	5.949921
2853.24	6.276178
2945.28	6.638336
3037.32	7.042665
3129.36	7.496984
3221.4	8.011175
3313.44	8.597908
3405.48	9.273697
3497.52	10.060481
3589.56	10.988049
3681.6	12.097893
3773.64	13.449586
3865.68	15.131825
3957.72	17.282708
4049.76	20.129662
4141.8	24.075566
4233.84	29.908143
4325.88	39.402557
4417.92	57.565473
4509.96	105.908243
4602	0.000000
Torque_230.1Hz_779.423V
0	2.140221
93.6	2.189971
187.2	2.241786
280.8	2.295798
374.4	2.352149
468	2.410995
561.6	2.472506
655.2	2.536866
748.8	2.604279
842.4	2.674966
936	2.749172
1029.6	2.827167
1123.2	2.909248
1216.8	2.995746
1310.4	3.087026
1404	3.183496
1497.6	3.285613
1591.2	3.393886
1684.8	3.508890
1778.4	3.631272
1872	3.761766
1965.6	3.901207
2059.2	4.050546
2152.8	4.210877
2246.4	4.383460
2340	4.569754
2433.6	4.771461
2527.2	4.990577
2620.8	5.229457
2714.4	5.490901
2808	5.778264
2901.6	6.095601
2995.2	6.447861
3088.8	6.841144
3182.4	7.283057
3276	7.783216
3369.6	8.353946
3463.2	9.011316
3556.8	9.776673
3650.4	10.679004
3744	11.758686
3837.6	13.073694
3931.2	14.710356
4024.8	16.803090
4118.4	19.573298
4212	23.413245
4305.6	29.090096
4399.2	38.333332
4492.8	56.023966
4586.4	103.166302
4680	0.000000
Torque_234Hz_779.423V
77.3872	338.567732
155.387	338.567732
233.387	338.567732
311.387	338.567732
389.387	338.567732
467.387	338.567732
545.387	338.567732
623.387	338.567732
701.387	338.567732
779.387	338.567732
857.387	338.567732
935.387	338.567732
1013.39	338.567732
1091.39	338.567732
1169.39	338.567732
1247.39	338.567732
1325.39	338.567732
1403.39	338.567732
1481.39	338.567732
1559.4	330.278985
1637.38	314.242288
1715.37	299.879472
1793.35	286.909141
1871.33	274.852526
1949.31	264.042433
2027.29	253.826935
2105.27	244.350791
2183.25	235.760828
2261.23	227.688750
2339.2	220.068555
2417.18	212.851962
2495.16	206.386168
2573.14	199.880054
2651.12	194.088359
2729.1	188.558226
2807.07	183.321271
2885.05	178.313516
2963.03	173.814295
3041.01	169.244234
3118.98	165.114096
3196.96	160.949475
3274.94	157.172216
3352.92	153.582025
3430.9	149.880462
3508.87	146.561962
3586.85	143.365105
3664.82	140.512342
3742.8	137.533945
3820.78	134.696635
3898.76	131.919594
3976.73	129.479339
4054.71	126.900993
4132.68	124.617288
4210.66	122.176159
4288.64	120.055662
4366.62	117.793269
4444.59	115.800227
4522.57	113.843736
4600.55	111.790997
4678.52	109.945699
Output Torque
